Países,Quantidade (Kg),Valor (US$),Ano,Produto
Afeganistão,-,-,2008,Vinho de mesa
África do Sul,-,-,2008,Vinho de mesa
"Alemanha, República Democrática",265.742,429.970,2008,Vinho de mesa
Angola,25.721,71.083,2008,Vinho de mesa
Anguilla,-,-,2008,Vinho de mesa
Antígua e Barbuda,-,-,2008,Vinho de mesa
Antilhas Holandesas,17.938,22.908,2008,Vinho de mesa
Arábia Saudita,-,-,2008,Vinho de mesa
Argentina,-,-,2008,Vinho de mesa
Aruba,-,-,2008,Vinho de mesa
Austrália,218.726,99.280,2008,Vinho de mesa
Áustria,-,-,2008,Vinho de mesa
Bahamas,-,-,2008,Vinho de mesa
Bangladesh,-,-,2008,Vinho de mesa
Barbados,-,-,2008,Vinho de mesa
Barein,-,-,2008,Vinho de mesa
Bélgica,3.523,12.969,2008,Vinho de mesa
Belice,-,-,2008,Vinho de mesa
Benin,10.350,17.423,2008,Vinho de mesa
Bermudas,-,-,2008,Vinho de mesa
Bolívia,3.979,3.990,2008,Vinho de mesa
Bósnia-Herzegovina,-,-,2008,Vinho de mesa
Brasil,-,-,2008,Vinho de mesa
Bulgária,-,-,2008,Vinho de mesa
Cabo Verde,-,-,2008,Vinho de mesa
Camarões,-,-,2008,Vinho de mesa
Canadá,20.949,80.476,2008,Vinho de mesa
Catar,-,-,2008,Vinho de mesa
"Cayman, Ilhas",-,-,2008,Vinho de mesa
Chile,-,-,2008,Vinho de mesa
China,8.689,25.926,2008,Vinho de mesa
Chipre,-,-,2008,Vinho de mesa
Cingapura,1.233,4.699,2008,Vinho de mesa
"Cocos (Keeling), Ilhas",-,-,2008,Vinho de mesa
Colômbia,-,-,2008,Vinho de mesa
Comores,-,-,2008,Vinho de mesa
Congo,-,-,2008,Vinho de mesa
"Coreia, Republica Sul",3.520,14.366,2008,Vinho de mesa
Costa do Marfim,-,-,2008,Vinho de mesa
Costa Rica,55,200,2008,Vinho de mesa
Croácia,-,-,2008,Vinho de mesa
Cuba,-,-,2008,Vinho de mesa
Curaçao,-,-,2008,Vinho de mesa
Dinamarca,518,15.905,2008,Vinho de mesa
Dominica,-,-,2008,Vinho de mesa
El Salvador,-,-,2008,Vinho de mesa
Emirados Arabes Unidos,2.437,12.298,2008,Vinho de mesa
Equador,-,-,2008,Vinho de mesa
"Eslovaca, Republica",585,16.063,2008,Vinho de mesa
Espanha,2.942,6.834,2008,Vinho de mesa
Estados Unidos,443.895,804.607,2008,Vinho de mesa
Estônia,4.114,9.730,2008,Vinho de mesa
Filipinas,-,-,2008,Vinho de mesa
Finlândia,-,-,2008,Vinho de mesa
França,11.078,27.500,2008,Vinho de mesa
Gana,18.168,25.642,2008,Vinho de mesa
Gibraltar,-,-,2008,Vinho de mesa
Granada,-,-,2008,Vinho de mesa
Grécia,-,-,2008,Vinho de mesa
Guatemala,-,-,2008,Vinho de mesa
Guiana,-,-,2008,Vinho de mesa
Guiana Francesa,-,-,2008,Vinho de mesa
Guine Bissau,-,-,2008,Vinho de mesa
Guine Equatorial,548,1.417,2008,Vinho de mesa
Haiti,20,20,2008,Vinho de mesa
Honduras,162,580,2008,Vinho de mesa
Hong Kong,2.430,13.460,2008,Vinho de mesa
Hungria,-,-,2008,Vinho de mesa
Ilha de Man,-,-,2008,Vinho de mesa
Ilhas Virgens,-,-,2008,Vinho de mesa
India,-,-,2008,Vinho de mesa
Indonésia,-,-,2008,Vinho de mesa
Irã,-,-,2008,Vinho de mesa
Iraque,-,-,2008,Vinho de mesa
Irlanda,-,-,2008,Vinho de mesa
Itália,-,-,2008,Vinho de mesa
Jamaica,-,-,2008,Vinho de mesa
Japão,232.293,178.333,2008,Vinho de mesa
Jordânia,-,-,2008,Vinho de mesa
Letônia,-,-,2008,Vinho de mesa
Líbano,-,-,2008,Vinho de mesa
Libéria,-,-,2008,Vinho de mesa
Luxemburgo,13.606,42.341,2008,Vinho de mesa
Macau,-,-,2008,Vinho de mesa
Malásia,-,-,2008,Vinho de mesa
Malavi,-,-,2008,Vinho de mesa
Malta,-,-,2008,Vinho de mesa
"Marshall, Ilhas",-,-,2008,Vinho de mesa
Martinica,-,-,2008,Vinho de mesa
Mauritânia,-,-,2008,Vinho de mesa
México,-,-,2008,Vinho de mesa
Moçambique,-,-,2008,Vinho de mesa
Montenegro,-,-,2008,Vinho de mesa
Namíbia,340,722,2008,Vinho de mesa
Nicarágua,-,-,2008,Vinho de mesa
Nigéria,7.560,10.920,2008,Vinho de mesa
Noruega,-,-,2008,Vinho de mesa
Nova Caledônia,-,-,2008,Vinho de mesa
Nova Zelândia,-,-,2008,Vinho de mesa
Omã,-,-,2008,Vinho de mesa
Países Baixos,340.412,783.635,2008,Vinho de mesa
Palau,-,-,2008,Vinho de mesa
Panamá,1.161,1.882,2008,Vinho de mesa
Paraguai,2.191.901,1.374.088,2008,Vinho de mesa
Peru,-,-,2008,Vinho de mesa
Pitcairn,-,-,2008,Vinho de mesa
Polônia,20.290,58.353,2008,Vinho de mesa
Porto Rico,-,-,2008,Vinho de mesa
Portugal,49.090,48.942,2008,Vinho de mesa
Quênia,-,-,2008,Vinho de mesa
Reino Unido,100.097,155.076,2008,Vinho de mesa
República Dominicana,-,-,2008,Vinho de mesa
Rússia,6.207.658,2.352.768,2008,Vinho de mesa
São Cristóvão e Névis,-,-,2008,Vinho de mesa
São Tomé e Príncipe,-,-,2008,Vinho de mesa
São Vicente e Granadinas,-,-,2008,Vinho de mesa
Senegal,-,-,2008,Vinho de mesa
Serra Leoa,-,-,2008,Vinho de mesa
Singapura,-,-,2008,Vinho de mesa
Suazilândia,-,-,2008,Vinho de mesa
Suécia,26.984,84.564,2008,Vinho de mesa
Suíça,54.384,216.317,2008,Vinho de mesa
Suriname,900,1.625,2008,Vinho de mesa
Tailândia,-,-,2008,Vinho de mesa
Taiwan (Formosa),10.030,18.679,2008,Vinho de mesa
Tanzânia,-,-,2008,Vinho de mesa
"Tcheca, República",17.135,64.709,2008,Vinho de mesa
Togo,5.160,7.800,2008,Vinho de mesa
Toquelau,-,-,2008,Vinho de mesa
Trinidade Tobago,-,-,2008,Vinho de mesa
Tunísia,-,-,2008,Vinho de mesa
Turquia,-,-,2008,Vinho de mesa
Tuvalu,-,-,2008,Vinho de mesa
Uruguai,-,-,2008,Vinho de mesa
Vanuatu,-,-,2008,Vinho de mesa
Venezuela,-,-,2008,Vinho de mesa
Vietnã,-,-,2008,Vinho de mesa
Afeganistão,-,-,2009,Vinho de mesa
África do Sul,-,-,2009,Vinho de mesa
"Alemanha, República Democrática",225.086,393.482,2009,Vinho de mesa
Angola,54.786,84.235,2009,Vinho de mesa
Anguilla,-,-,2009,Vinho de mesa
Antígua e Barbuda,-,-,2009,Vinho de mesa
Antilhas Holandesas,8.235,10.651,2009,Vinho de mesa
Arábia Saudita,-,-,2009,Vinho de mesa
Argentina,162,4.523,2009,Vinho de mesa
Aruba,-,-,2009,Vinho de mesa
Austrália,1.014,9.195,2009,Vinho de mesa
Áustria,-,-,2009,Vinho de mesa
Bahamas,-,-,2009,Vinho de mesa
Bangladesh,-,-,2009,Vinho de mesa
Barbados,-,-,2009,Vinho de mesa
Barein,-,-,2009,Vinho de mesa
Bélgica,125.962,58.764,2009,Vinho de mesa
Belice,-,-,2009,Vinho de mesa
Benin,-,-,2009,Vinho de mesa
Bermudas,-,-,2009,Vinho de mesa
Bolívia,40.463,20.729,2009,Vinho de mesa
Bósnia-Herzegovina,-,-,2009,Vinho de mesa
Brasil,-,-,2009,Vinho de mesa
Bulgária,-,-,2009,Vinho de mesa
Cabo Verde,-,-,2009,Vinho de mesa
Camarões,-,-,2009,Vinho de mesa
Canadá,15.664,73.445,2009,Vinho de mesa
Catar,-,-,2009,Vinho de mesa
"Cayman, Ilhas",-,-,2009,Vinho de mesa
Chile,1.475,4.297,2009,Vinho de mesa
China,1.553.416,482.400,2009,Vinho de mesa
Chipre,-,-,2009,Vinho de mesa
Cingapura,2.419,6.110,2009,Vinho de mesa
"Cocos (Keeling), Ilhas",-,-,2009,Vinho de mesa
Colômbia,-,-,2009,Vinho de mesa
Comores,-,-,2009,Vinho de mesa
Congo,-,-,2009,Vinho de mesa
"Coreia, Republica Sul",-,-,2009,Vinho de mesa
Costa do Marfim,-,-,2009,Vinho de mesa
Costa Rica,-,-,2009,Vinho de mesa
Croácia,-,-,2009,Vinho de mesa
Cuba,-,-,2009,Vinho de mesa
Curaçao,-,-,2009,Vinho de mesa
Dinamarca,1.980,21.780,2009,Vinho de mesa
Dominica,-,-,2009,Vinho de mesa
El Salvador,55,100,2009,Vinho de mesa
Emirados Arabes Unidos,1.398,4.032,2009,Vinho de mesa
Equador,-,-,2009,Vinho de mesa
"Eslovaca, Republica",-,-,2009,Vinho de mesa
Espanha,2.181,4.050,2009,Vinho de mesa
Estados Unidos,372.319,660.066,2009,Vinho de mesa
Estônia,5.438,10.802,2009,Vinho de mesa
Filipinas,-,-,2009,Vinho de mesa
Finlândia,-,-,2009,Vinho de mesa
França,-,-,2009,Vinho de mesa
Gana,-,-,2009,Vinho de mesa
Gibraltar,-,-,2009,Vinho de mesa
Granada,-,-,2009,Vinho de mesa
Grécia,-,-,2009,Vinho de mesa
Guatemala,20,20,2009,Vinho de mesa
Guiana,-,-,2009,Vinho de mesa
Guiana Francesa,-,-,2009,Vinho de mesa
Guine Bissau,-,-,2009,Vinho de mesa
Guine Equatorial,169,272,2009,Vinho de mesa
Haiti,4.500,5.863,2009,Vinho de mesa
Honduras,14,30,2009,Vinho de mesa
Hong Kong,50.319,27.188,2009,Vinho de mesa
Hungria,-,-,2009,Vinho de mesa
Ilha de Man,-,-,2009,Vinho de mesa
Ilhas Virgens,-,-,2009,Vinho de mesa
India,-,-,2009,Vinho de mesa
Indonésia,-,-,2009,Vinho de mesa
Irã,-,-,2009,Vinho de mesa
Iraque,-,-,2009,Vinho de mesa
Irlanda,-,-,2009,Vinho de mesa
Itália,1.817,5.251,2009,Vinho de mesa
Jamaica,-,-,2009,Vinho de mesa
Japão,217.974,283.436,2009,Vinho de mesa
Jordânia,-,-,2009,Vinho de mesa
Letônia,-,-,2009,Vinho de mesa
Líbano,-,-,2009,Vinho de mesa
Libéria,-,-,2009,Vinho de mesa
Luxemburgo,7.845,42.124,2009,Vinho de mesa
Macau,-,-,2009,Vinho de mesa
Malásia,-,-,2009,Vinho de mesa
Malavi,-,-,2009,Vinho de mesa
Malta,-,-,2009,Vinho de mesa
"Marshall, Ilhas",-,-,2009,Vinho de mesa
Martinica,-,-,2009,Vinho de mesa
Mauritânia,-,-,2009,Vinho de mesa
México,-,-,2009,Vinho de mesa
Moçambique,-,-,2009,Vinho de mesa
Montenegro,-,-,2009,Vinho de mesa
Namíbia,-,-,2009,Vinho de mesa
Nicarágua,24,24,2009,Vinho de mesa
Nigéria,41,115,2009,Vinho de mesa
Noruega,-,-,2009,Vinho de mesa
Nova Caledônia,-,-,2009,Vinho de mesa
Nova Zelândia,-,-,2009,Vinho de mesa
Omã,-,-,2009,Vinho de mesa
Países Baixos,171.654,136.991,2009,Vinho de mesa
Palau,-,-,2009,Vinho de mesa
Panamá,24,30,2009,Vinho de mesa
Paraguai,486.927,392.087,2009,Vinho de mesa
Peru,-,-,2009,Vinho de mesa
Pitcairn,-,-,2009,Vinho de mesa
Polônia,6.982,35.797,2009,Vinho de mesa
Porto Rico,-,-,2009,Vinho de mesa
Portugal,141.000,168.923,2009,Vinho de mesa
Quênia,-,-,2009,Vinho de mesa
Reino Unido,30.092,68.788,2009,Vinho de mesa
República Dominicana,-,-,2009,Vinho de mesa
Rússia,21.912.914,5.732.280,2009,Vinho de mesa
São Cristóvão e Névis,-,-,2009,Vinho de mesa
São Tomé e Príncipe,-,-,2009,Vinho de mesa
São Vicente e Granadinas,-,-,2009,Vinho de mesa
Senegal,-,-,2009,Vinho de mesa
Serra Leoa,-,-,2009,Vinho de mesa
Singapura,-,-,2009,Vinho de mesa
Suazilândia,-,-,2009,Vinho de mesa
Suécia,28.334,52.826,2009,Vinho de mesa
Suíça,27.653,81.319,2009,Vinho de mesa
Suriname,3.830,12.918,2009,Vinho de mesa
Tailândia,-,-,2009,Vinho de mesa
Taiwan (Formosa),-,-,2009,Vinho de mesa
Tanzânia,-,-,2009,Vinho de mesa
"Tcheca, República",9.269,43.902,2009,Vinho de mesa
Togo,-,-,2009,Vinho de mesa
Toquelau,-,-,2009,Vinho de mesa
Trinidade Tobago,-,-,2009,Vinho de mesa
Tunísia,-,-,2009,Vinho de mesa
Turquia,-,-,2009,Vinho de mesa
Tuvalu,-,-,2009,Vinho de mesa
Uruguai,-,-,2009,Vinho de mesa
Vanuatu,-,-,2009,Vinho de mesa
Venezuela,-,-,2009,Vinho de mesa
Vietnã,743,2.143,2009,Vinho de mesa
Afeganistão,-,-,2010,Vinho de mesa
África do Sul,-,-,2010,Vinho de mesa
"Alemanha, República Democrática",27.715,138.666,2010,Vinho de mesa
Angola,33.557,189.891,2010,Vinho de mesa
Anguilla,-,-,2010,Vinho de mesa
Antígua e Barbuda,-,-,2010,Vinho de mesa
Antilhas Holandesas,9.810,12.808,2010,Vinho de mesa
Arábia Saudita,-,-,2010,Vinho de mesa
Argentina,-,-,2010,Vinho de mesa
Aruba,-,-,2010,Vinho de mesa
Austrália,1.823,17.960,2010,Vinho de mesa
Áustria,-,-,2010,Vinho de mesa
Bahamas,3.175,12.759,2010,Vinho de mesa
Bangladesh,-,-,2010,Vinho de mesa
Barbados,-,-,2010,Vinho de mesa
Barein,-,-,2010,Vinho de mesa
Bélgica,42.532,185.411,2010,Vinho de mesa
Belice,-,-,2010,Vinho de mesa
Benin,-,-,2010,Vinho de mesa
Bermudas,-,-,2010,Vinho de mesa
Bolívia,54,282,2010,Vinho de mesa
Bósnia-Herzegovina,-,-,2010,Vinho de mesa
Brasil,-,-,2010,Vinho de mesa
Bulgária,-,-,2010,Vinho de mesa
Cabo Verde,11.991,49.366,2010,Vinho de mesa
Camarões,-,-,2010,Vinho de mesa
Canadá,-,-,2010,Vinho de mesa
Catar,-,-,2010,Vinho de mesa
"Cayman, Ilhas",-,-,2010,Vinho de mesa
Chile,-,-,2010,Vinho de mesa
China,795,2.358,2010,Vinho de mesa
Chipre,-,-,2010,Vinho de mesa
Cingapura,1.533,5.504,2010,Vinho de mesa
"Cocos (Keeling), Ilhas",-,-,2010,Vinho de mesa
Colômbia,-,-,2010,Vinho de mesa
Comores,-,-,2010,Vinho de mesa
Congo,-,-,2010,Vinho de mesa
"Coreia, Republica Sul",-,-,2010,Vinho de mesa
Costa do Marfim,-,-,2010,Vinho de mesa
Costa Rica,-,-,2010,Vinho de mesa
Croácia,-,-,2010,Vinho de mesa
Cuba,-,-,2010,Vinho de mesa
Curaçao,-,-,2010,Vinho de mesa
Dinamarca,7.034,69.161,2010,Vinho de mesa
Dominica,-,-,2010,Vinho de mesa
El Salvador,-,-,2010,Vinho de mesa
Emirados Arabes Unidos,1.035,3.206,2010,Vinho de mesa
Equador,-,-,2010,Vinho de mesa
"Eslovaca, Republica",-,-,2010,Vinho de mesa
Espanha,-,-,2010,Vinho de mesa
Estados Unidos,228.968,478.630,2010,Vinho de mesa
Estônia,15.848,40.778,2010,Vinho de mesa
Filipinas,-,-,2010,Vinho de mesa
Finlândia,-,-,2010,Vinho de mesa
França,3.614,18.904,2010,Vinho de mesa
Gana,-,-,2010,Vinho de mesa
Gibraltar,-,-,2010,Vinho de mesa
Granada,-,-,2010,Vinho de mesa
Grécia,-,-,2010,Vinho de mesa
Guatemala,-,-,2010,Vinho de mesa
Guiana,783,3.654,2010,Vinho de mesa
Guiana Francesa,-,-,2010,Vinho de mesa
Guine Bissau,-,-,2010,Vinho de mesa
Guine Equatorial,410,1.015,2010,Vinho de mesa
Haiti,2.700,3.750,2010,Vinho de mesa
Honduras,-,-,2010,Vinho de mesa
Hong Kong,-,-,2010,Vinho de mesa
Hungria,540,4.103,2010,Vinho de mesa
Ilha de Man,-,-,2010,Vinho de mesa
Ilhas Virgens,-,-,2010,Vinho de mesa
India,-,-,2010,Vinho de mesa
Indonésia,-,-,2010,Vinho de mesa
Irã,-,-,2010,Vinho de mesa
Iraque,-,-,2010,Vinho de mesa
Irlanda,3.969,42.795,2010,Vinho de mesa
Itália,1.458,4.828,2010,Vinho de mesa
Jamaica,-,-,2010,Vinho de mesa
Japão,112.178,74.628,2010,Vinho de mesa
Jordânia,-,-,2010,Vinho de mesa
Letônia,-,-,2010,Vinho de mesa
Líbano,-,-,2010,Vinho de mesa
Libéria,-,-,2010,Vinho de mesa
Luxemburgo,7.344,32.549,2010,Vinho de mesa
Macau,-,-,2010,Vinho de mesa
Malásia,-,-,2010,Vinho de mesa
Malavi,-,-,2010,Vinho de mesa
Malta,-,-,2010,Vinho de mesa
"Marshall, Ilhas",-,-,2010,Vinho de mesa
Martinica,-,-,2010,Vinho de mesa
Mauritânia,-,-,2010,Vinho de mesa
México,-,-,2010,Vinho de mesa
Moçambique,-,-,2010,Vinho de mesa
Montenegro,-,-,2010,Vinho de mesa
Namíbia,-,-,2010,Vinho de mesa
Nicarágua,-,-,2010,Vinho de mesa
Nigéria,-,-,2010,Vinho de mesa
Noruega,-,-,2010,Vinho de mesa
Nova Caledônia,-,-,2010,Vinho de mesa
Nova Zelândia,-,-,2010,Vinho de mesa
Omã,-,-,2010,Vinho de mesa
Países Baixos,87.368,302.182,2010,Vinho de mesa
Palau,-,-,2010,Vinho de mesa
Panamá,-,-,2010,Vinho de mesa
Paraguai,510.989,449.197,2010,Vinho de mesa
Peru,-,-,2010,Vinho de mesa
Pitcairn,-,-,2010,Vinho de mesa
Polônia,20.464,95.198,2010,Vinho de mesa
Porto Rico,-,-,2010,Vinho de mesa
Portugal,4.577,18.970,2010,Vinho de mesa
Quênia,-,-,2010,Vinho de mesa
Reino Unido,123.624,295.690,2010,Vinho de mesa
República Dominicana,-,-,2010,Vinho de mesa
Rússia,-,-,2010,Vinho de mesa
São Cristóvão e Névis,-,-,2010,Vinho de mesa
São Tomé e Príncipe,-,-,2010,Vinho de mesa
São Vicente e Granadinas,-,-,2010,Vinho de mesa
Senegal,-,-,2010,Vinho de mesa
Serra Leoa,-,-,2010,Vinho de mesa
Singapura,-,-,2010,Vinho de mesa
Suazilândia,-,-,2010,Vinho de mesa
Suécia,-,-,2010,Vinho de mesa
Suíça,2.025,21.600,2010,Vinho de mesa
Suriname,1.836,1.269,2010,Vinho de mesa
Tailândia,-,-,2010,Vinho de mesa
Taiwan (Formosa),-,-,2010,Vinho de mesa
Tanzânia,-,-,2010,Vinho de mesa
"Tcheca, República",1.091,5.285,2010,Vinho de mesa
Togo,-,-,2010,Vinho de mesa
Toquelau,-,-,2010,Vinho de mesa
Trinidade Tobago,-,-,2010,Vinho de mesa
Tunísia,-,-,2010,Vinho de mesa
Turquia,-,-,2010,Vinho de mesa
Tuvalu,-,-,2010,Vinho de mesa
Uruguai,914,2.929,2010,Vinho de mesa
Vanuatu,-,-,2010,Vinho de mesa
Venezuela,-,-,2010,Vinho de mesa
Vietnã,8.820,9.977,2010,Vinho de mesa
Afeganistão,-,-,2011,Vinho de mesa
África do Sul,-,-,2011,Vinho de mesa
"Alemanha, República Democrática",36.070,144.150,2011,Vinho de mesa
Angola,13.889,69.001,2011,Vinho de mesa
Anguilla,-,-,2011,Vinho de mesa
Antígua e Barbuda,-,-,2011,Vinho de mesa
Antilhas Holandesas,7.335,10.188,2011,Vinho de mesa
Arábia Saudita,-,-,2011,Vinho de mesa
Argentina,13.253,55.460,2011,Vinho de mesa
Aruba,900,1.680,2011,Vinho de mesa
Austrália,3.632,40.704,2011,Vinho de mesa
Áustria,-,-,2011,Vinho de mesa
Bahamas,4.529,28.810,2011,Vinho de mesa
Bangladesh,-,-,2011,Vinho de mesa
Barbados,-,-,2011,Vinho de mesa
Barein,-,-,2011,Vinho de mesa
Bélgica,11.802,62.339,2011,Vinho de mesa
Belice,-,-,2011,Vinho de mesa
Benin,-,-,2011,Vinho de mesa
Bermudas,-,-,2011,Vinho de mesa
Bolívia,12.775,20.215,2011,Vinho de mesa
Bósnia-Herzegovina,-,-,2011,Vinho de mesa
Brasil,-,-,2011,Vinho de mesa
Bulgária,-,-,2011,Vinho de mesa
Cabo Verde,600,825,2011,Vinho de mesa
Camarões,-,-,2011,Vinho de mesa
Canadá,28.906,128.076,2011,Vinho de mesa
Catar,-,-,2011,Vinho de mesa
"Cayman, Ilhas",-,-,2011,Vinho de mesa
Chile,-,-,2011,Vinho de mesa
China,54.156,334.867,2011,Vinho de mesa
Chipre,-,-,2011,Vinho de mesa
Cingapura,911,3.317,2011,Vinho de mesa
"Cocos (Keeling), Ilhas",-,-,2011,Vinho de mesa
Colômbia,-,-,2011,Vinho de mesa
Comores,-,-,2011,Vinho de mesa
Congo,360,570,2011,Vinho de mesa
"Coreia, Republica Sul",-,-,2011,Vinho de mesa
Costa do Marfim,-,-,2011,Vinho de mesa
Costa Rica,-,-,2011,Vinho de mesa
Croácia,-,-,2011,Vinho de mesa
Cuba,2.880,4.899,2011,Vinho de mesa
Curaçao,-,-,2011,Vinho de mesa
Dinamarca,32.797,83.057,2011,Vinho de mesa
Dominica,-,-,2011,Vinho de mesa
El Salvador,-,-,2011,Vinho de mesa
Emirados Arabes Unidos,2.120,6.594,2011,Vinho de mesa
Equador,-,-,2011,Vinho de mesa
"Eslovaca, Republica",-,-,2011,Vinho de mesa
Espanha,5.206,24.618,2011,Vinho de mesa
Estados Unidos,306.787,1.030.254,2011,Vinho de mesa
Estônia,450,5.336,2011,Vinho de mesa
Filipinas,-,-,2011,Vinho de mesa
Finlândia,12.404,50.394,2011,Vinho de mesa
França,-,-,2011,Vinho de mesa
Gana,-,-,2011,Vinho de mesa
Gibraltar,-,-,2011,Vinho de mesa
Granada,-,-,2011,Vinho de mesa
Grécia,-,-,2011,Vinho de mesa
Guatemala,-,-,2011,Vinho de mesa
Guiana,-,-,2011,Vinho de mesa
Guiana Francesa,-,-,2011,Vinho de mesa
Guine Bissau,-,-,2011,Vinho de mesa
Guine Equatorial,956,1.979,2011,Vinho de mesa
Haiti,-,-,2011,Vinho de mesa
Honduras,-,-,2011,Vinho de mesa
Hong Kong,2.063,7.975,2011,Vinho de mesa
Hungria,-,-,2011,Vinho de mesa
Ilha de Man,-,-,2011,Vinho de mesa
Ilhas Virgens,-,-,2011,Vinho de mesa
India,-,-,2011,Vinho de mesa
Indonésia,-,-,2011,Vinho de mesa
Irã,-,-,2011,Vinho de mesa
Iraque,-,-,2011,Vinho de mesa
Irlanda,5.376,35.690,2011,Vinho de mesa
Itália,11.999,80.298,2011,Vinho de mesa
Jamaica,-,-,2011,Vinho de mesa
Japão,100.835,144.662,2011,Vinho de mesa
Jordânia,-,-,2011,Vinho de mesa
Letônia,-,-,2011,Vinho de mesa
Líbano,-,-,2011,Vinho de mesa
Libéria,-,-,2011,Vinho de mesa
Luxemburgo,9.547,65.592,2011,Vinho de mesa
Macau,-,-,2011,Vinho de mesa
Malásia,-,-,2011,Vinho de mesa
Malavi,-,-,2011,Vinho de mesa
Malta,-,-,2011,Vinho de mesa
"Marshall, Ilhas",-,-,2011,Vinho de mesa
Martinica,-,-,2011,Vinho de mesa
Mauritânia,-,-,2011,Vinho de mesa
México,1.350,7.200,2011,Vinho de mesa
Moçambique,-,-,2011,Vinho de mesa
Montenegro,-,-,2011,Vinho de mesa
Namíbia,-,-,2011,Vinho de mesa
Nicarágua,-,-,2011,Vinho de mesa
Nigéria,54,210,2011,Vinho de mesa
Noruega,10.268,78.688,2011,Vinho de mesa
Nova Caledônia,-,-,2011,Vinho de mesa
Nova Zelândia,2.587,7.992,2011,Vinho de mesa
Omã,-,-,2011,Vinho de mesa
Países Baixos,125.414,395.356,2011,Vinho de mesa
Palau,-,-,2011,Vinho de mesa
Panamá,-,-,2011,Vinho de mesa
Paraguai,240.168,276.281,2011,Vinho de mesa
Peru,-,-,2011,Vinho de mesa
Pitcairn,-,-,2011,Vinho de mesa
Polônia,11.732,50.684,2011,Vinho de mesa
Porto Rico,-,-,2011,Vinho de mesa
Portugal,95,1.031,2011,Vinho de mesa
Quênia,-,-,2011,Vinho de mesa
Reino Unido,122.629,285.642,2011,Vinho de mesa
República Dominicana,-,-,2011,Vinho de mesa
Rússia,-,-,2011,Vinho de mesa
São Cristóvão e Névis,-,-,2011,Vinho de mesa
São Tomé e Príncipe,-,-,2011,Vinho de mesa
São Vicente e Granadinas,-,-,2011,Vinho de mesa
Senegal,-,-,2011,Vinho de mesa
Serra Leoa,-,-,2011,Vinho de mesa
Singapura,-,-,2011,Vinho de mesa
Suazilândia,-,-,2011,Vinho de mesa
Suécia,1.641,14.476,2011,Vinho de mesa
Suíça,-,-,2011,Vinho de mesa
Suriname,3.774,3.735,2011,Vinho de mesa
Tailândia,-,-,2011,Vinho de mesa
Taiwan (Formosa),4.500,10.600,2011,Vinho de mesa
Tanzânia,-,-,2011,Vinho de mesa
"Tcheca, República",6.846,37.271,2011,Vinho de mesa
Togo,-,-,2011,Vinho de mesa
Toquelau,-,-,2011,Vinho de mesa
Trinidade Tobago,-,-,2011,Vinho de mesa
Tunísia,-,-,2011,Vinho de mesa
Turquia,-,-,2011,Vinho de mesa
Tuvalu,-,-,2011,Vinho de mesa
Uruguai,1.238,4.404,2011,Vinho de mesa
Vanuatu,-,-,2011,Vinho de mesa
Venezuela,-,-,2011,Vinho de mesa
Vietnã,-,-,2011,Vinho de mesa
Afeganistão,-,-,2012,Vinho de mesa
África do Sul,-,-,2012,Vinho de mesa
"Alemanha, República Democrática",8.189,56.342,2012,Vinho de mesa
Angola,2.833,8.861,2012,Vinho de mesa
Anguilla,-,-,2012,Vinho de mesa
Antígua e Barbuda,-,-,2012,Vinho de mesa
Antilhas Holandesas,9.247,14.081,2012,Vinho de mesa
Arábia Saudita,-,-,2012,Vinho de mesa
Argentina,-,-,2012,Vinho de mesa
Aruba,-,-,2012,Vinho de mesa
Austrália,9.345,56.045,2012,Vinho de mesa
Áustria,-,-,2012,Vinho de mesa
Bahamas,1.374,12.087,2012,Vinho de mesa
Bangladesh,-,-,2012,Vinho de mesa
Barbados,-,-,2012,Vinho de mesa
Barein,-,-,2012,Vinho de mesa
Bélgica,16.132,90.718,2012,Vinho de mesa
Belice,-,-,2012,Vinho de mesa
Benin,-,-,2012,Vinho de mesa
Bermudas,-,-,2012,Vinho de mesa
Bolívia,11.868,16.804,2012,Vinho de mesa
Bósnia-Herzegovina,-,-,2012,Vinho de mesa
Brasil,-,-,2012,Vinho de mesa
Bulgária,-,-,2012,Vinho de mesa
Cabo Verde,-,-,2012,Vinho de mesa
Camarões,-,-,2012,Vinho de mesa
Canadá,14.304,146.035,2012,Vinho de mesa
Catar,-,-,2012,Vinho de mesa
"Cayman, Ilhas",-,-,2012,Vinho de mesa
Chile,8.550,15.438,2012,Vinho de mesa
China,87.905,642.177,2012,Vinho de mesa
Chipre,-,-,2012,Vinho de mesa
Cingapura,1.212,5.310,2012,Vinho de mesa
"Cocos (Keeling), Ilhas",-,-,2012,Vinho de mesa
Colômbia,-,-,2012,Vinho de mesa
Comores,-,-,2012,Vinho de mesa
Congo,-,-,2012,Vinho de mesa
"Coreia, Republica Sul",-,-,2012,Vinho de mesa
Costa do Marfim,-,-,2012,Vinho de mesa
Costa Rica,-,-,2012,Vinho de mesa
Croácia,-,-,2012,Vinho de mesa
Cuba,-,-,2012,Vinho de mesa
Curaçao,-,-,2012,Vinho de mesa
Dinamarca,4.716,23.802,2012,Vinho de mesa
Dominica,-,-,2012,Vinho de mesa
El Salvador,-,-,2012,Vinho de mesa
Emirados Arabes Unidos,675,3.300,2012,Vinho de mesa
Equador,-,-,2012,Vinho de mesa
"Eslovaca, Republica",-,-,2012,Vinho de mesa
Espanha,-,-,2012,Vinho de mesa
Estados Unidos,146.585,303.986,2012,Vinho de mesa
Estônia,3.321,19.384,2012,Vinho de mesa
Filipinas,-,-,2012,Vinho de mesa
Finlândia,17.100,67.959,2012,Vinho de mesa
França,195.604,185.791,2012,Vinho de mesa
Gana,-,-,2012,Vinho de mesa
Gibraltar,-,-,2012,Vinho de mesa
Granada,-,-,2012,Vinho de mesa
Grécia,-,-,2012,Vinho de mesa
Guatemala,-,-,2012,Vinho de mesa
Guiana,-,-,2012,Vinho de mesa
Guiana Francesa,-,-,2012,Vinho de mesa
Guine Bissau,-,-,2012,Vinho de mesa
Guine Equatorial,819,2.530,2012,Vinho de mesa
Haiti,-,-,2012,Vinho de mesa
Honduras,-,-,2012,Vinho de mesa
Hong Kong,1.609,7.653,2012,Vinho de mesa
Hungria,-,-,2012,Vinho de mesa
Ilha de Man,-,-,2012,Vinho de mesa
Ilhas Virgens,-,-,2012,Vinho de mesa
India,-,-,2012,Vinho de mesa
Indonésia,-,-,2012,Vinho de mesa
Irã,-,-,2012,Vinho de mesa
Iraque,-,-,2012,Vinho de mesa
Irlanda,-,-,2012,Vinho de mesa
Itália,792,5.622,2012,Vinho de mesa
Jamaica,-,-,2012,Vinho de mesa
Japão,29.281,116.961,2012,Vinho de mesa
Jordânia,-,-,2012,Vinho de mesa
Letônia,-,-,2012,Vinho de mesa
Líbano,-,-,2012,Vinho de mesa
Libéria,-,-,2012,Vinho de mesa
Luxemburgo,2.444,16.547,2012,Vinho de mesa
Macau,-,-,2012,Vinho de mesa
Malásia,-,-,2012,Vinho de mesa
Malavi,-,-,2012,Vinho de mesa
Malta,-,-,2012,Vinho de mesa
"Marshall, Ilhas",-,-,2012,Vinho de mesa
Martinica,-,-,2012,Vinho de mesa
Mauritânia,-,-,2012,Vinho de mesa
México,-,-,2012,Vinho de mesa
Moçambique,-,-,2012,Vinho de mesa
Montenegro,-,-,2012,Vinho de mesa
Namíbia,-,-,2012,Vinho de mesa
Nicarágua,-,-,2012,Vinho de mesa
Nigéria,6.449,10.196,2012,Vinho de mesa
Noruega,5.104,31.515,2012,Vinho de mesa
Nova Caledônia,-,-,2012,Vinho de mesa
Nova Zelândia,2.364,8.817,2012,Vinho de mesa
Omã,-,-,2012,Vinho de mesa
Países Baixos,134.879,539.641,2012,Vinho de mesa
Palau,-,-,2012,Vinho de mesa
Panamá,39,2.262,2012,Vinho de mesa
Paraguai,354.824,428.279,2012,Vinho de mesa
Peru,-,-,2012,Vinho de mesa
Pitcairn,-,-,2012,Vinho de mesa
Polônia,21.663,89.158,2012,Vinho de mesa
Porto Rico,-,-,2012,Vinho de mesa
Portugal,47.172,47.022,2012,Vinho de mesa
Quênia,94,458,2012,Vinho de mesa
Reino Unido,82.937,334.856,2012,Vinho de mesa
República Dominicana,-,-,2012,Vinho de mesa
Rússia,4.528.176,2.103.968,2012,Vinho de mesa
São Cristóvão e Névis,-,-,2012,Vinho de mesa
São Tomé e Príncipe,-,-,2012,Vinho de mesa
São Vicente e Granadinas,-,-,2012,Vinho de mesa
Senegal,-,-,2012,Vinho de mesa
Serra Leoa,-,-,2012,Vinho de mesa
Singapura,-,-,2012,Vinho de mesa
Suazilândia,-,-,2012,Vinho de mesa
Suécia,2.705,17.280,2012,Vinho de mesa
Suíça,4.014,47.240,2012,Vinho de mesa
Suriname,396,1.288,2012,Vinho de mesa
Tailândia,-,-,2012,Vinho de mesa
Taiwan (Formosa),-,-,2012,Vinho de mesa
Tanzânia,-,-,2012,Vinho de mesa
"Tcheca, República",7.960,27.789,2012,Vinho de mesa
Togo,-,-,2012,Vinho de mesa
Toquelau,-,-,2012,Vinho de mesa
Trinidade Tobago,531,2.720,2012,Vinho de mesa
Tunísia,-,-,2012,Vinho de mesa
Turquia,-,-,2012,Vinho de mesa
Tuvalu,-,-,2012,Vinho de mesa
Uruguai,1.135,3.879,2012,Vinho de mesa
Vanuatu,-,-,2012,Vinho de mesa
Venezuela,1.029,7.492,2012,Vinho de mesa
Vietnã,-,-,2012,Vinho de mesa
Afeganistão,-,-,2013,Vinho de mesa
África do Sul,-,-,2013,Vinho de mesa
"Alemanha, República Democrática",61.699,265.978,2013,Vinho de mesa
Angola,1.573,9.300,2013,Vinho de mesa
Anguilla,-,-,2013,Vinho de mesa
Antígua e Barbuda,-,-,2013,Vinho de mesa
Antilhas Holandesas,11.281,19.565,2013,Vinho de mesa
Arábia Saudita,-,-,2013,Vinho de mesa
Argentina,-,-,2013,Vinho de mesa
Aruba,-,-,2013,Vinho de mesa
Austrália,16.707,101.715,2013,Vinho de mesa
Áustria,-,-,2013,Vinho de mesa
Bahamas,581,5.145,2013,Vinho de mesa
Bangladesh,-,-,2013,Vinho de mesa
Barbados,-,-,2013,Vinho de mesa
Barein,-,-,2013,Vinho de mesa
Bélgica,22.461,95.893,2013,Vinho de mesa
Belice,-,-,2013,Vinho de mesa
Benin,-,-,2013,Vinho de mesa
Bermudas,-,-,2013,Vinho de mesa
Bolívia,19.147,25.998,2013,Vinho de mesa
Bósnia-Herzegovina,-,-,2013,Vinho de mesa
Brasil,-,-,2013,Vinho de mesa
Bulgária,-,-,2013,Vinho de mesa
Cabo Verde,-,-,2013,Vinho de mesa
Camarões,-,-,2013,Vinho de mesa
Canadá,25.329,174.643,2013,Vinho de mesa
Catar,-,-,2013,Vinho de mesa
"Cayman, Ilhas",-,-,2013,Vinho de mesa
Chile,-,-,2013,Vinho de mesa
China,40.929,279.956,2013,Vinho de mesa
Chipre,-,-,2013,Vinho de mesa
Cingapura,766,5.779,2013,Vinho de mesa
"Cocos (Keeling), Ilhas",-,-,2013,Vinho de mesa
Colômbia,8,30,2013,Vinho de mesa
Comores,-,-,2013,Vinho de mesa
Congo,-,-,2013,Vinho de mesa
"Coreia, Republica Sul",-,-,2013,Vinho de mesa
Costa do Marfim,-,-,2013,Vinho de mesa
Costa Rica,-,-,2013,Vinho de mesa
Croácia,-,-,2013,Vinho de mesa
Cuba,-,-,2013,Vinho de mesa
Curaçao,-,-,2013,Vinho de mesa
Dinamarca,17.892,101.915,2013,Vinho de mesa
Dominica,-,-,2013,Vinho de mesa
El Salvador,-,-,2013,Vinho de mesa
Emirados Arabes Unidos,-,-,2013,Vinho de mesa
Equador,-,-,2013,Vinho de mesa
"Eslovaca, Republica",-,-,2013,Vinho de mesa
Espanha,1.972.980,3.748.940,2013,Vinho de mesa
Estados Unidos,245.368,786.556,2013,Vinho de mesa
Estônia,-,-,2013,Vinho de mesa
Filipinas,-,-,2013,Vinho de mesa
Finlândia,36.682,283.114,2013,Vinho de mesa
França,6.885,42.256,2013,Vinho de mesa
Gana,-,-,2013,Vinho de mesa
Gibraltar,-,-,2013,Vinho de mesa
Granada,-,-,2013,Vinho de mesa
Grécia,-,-,2013,Vinho de mesa
Guatemala,-,-,2013,Vinho de mesa
Guiana,-,-,2013,Vinho de mesa
Guiana Francesa,-,-,2013,Vinho de mesa
Guine Bissau,-,-,2013,Vinho de mesa
Guine Equatorial,1.108,5.336,2013,Vinho de mesa
Haiti,-,-,2013,Vinho de mesa
Honduras,-,-,2013,Vinho de mesa
Hong Kong,16.013,61.224,2013,Vinho de mesa
Hungria,-,-,2013,Vinho de mesa
Ilha de Man,-,-,2013,Vinho de mesa
Ilhas Virgens,-,-,2013,Vinho de mesa
India,-,-,2013,Vinho de mesa
Indonésia,-,-,2013,Vinho de mesa
Irã,-,-,2013,Vinho de mesa
Iraque,-,-,2013,Vinho de mesa
Irlanda,-,-,2013,Vinho de mesa
Itália,1.710,11.967,2013,Vinho de mesa
Jamaica,-,-,2013,Vinho de mesa
Japão,91.988,429.088,2013,Vinho de mesa
Jordânia,-,-,2013,Vinho de mesa
Letônia,-,-,2013,Vinho de mesa
Líbano,-,-,2013,Vinho de mesa
Libéria,-,-,2013,Vinho de mesa
Luxemburgo,5.135,29.474,2013,Vinho de mesa
Macau,-,-,2013,Vinho de mesa
Malásia,-,-,2013,Vinho de mesa
Malavi,-,-,2013,Vinho de mesa
Malta,-,-,2013,Vinho de mesa
"Marshall, Ilhas",-,-,2013,Vinho de mesa
Martinica,-,-,2013,Vinho de mesa
Mauritânia,-,-,2013,Vinho de mesa
México,-,-,2013,Vinho de mesa
Moçambique,-,-,2013,Vinho de mesa
Montenegro,-,-,2013,Vinho de mesa
Namíbia,-,-,2013,Vinho de mesa
Nicarágua,-,-,2013,Vinho de mesa
Nigéria,1.350,2.245,2013,Vinho de mesa
Noruega,2.375,19.008,2013,Vinho de mesa
Nova Caledônia,-,-,2013,Vinho de mesa
Nova Zelândia,1.004,4.092,2013,Vinho de mesa
Omã,-,-,2013,Vinho de mesa
Países Baixos,57.792,255.690,2013,Vinho de mesa
Palau,-,-,2013,Vinho de mesa
Panamá,-,-,2013,Vinho de mesa
Paraguai,481.564,680.828,2013,Vinho de mesa
Peru,-,-,2013,Vinho de mesa
Pitcairn,-,-,2013,Vinho de mesa
Polônia,19.249,90.960,2013,Vinho de mesa
Porto Rico,-,-,2013,Vinho de mesa
Portugal,23.810,17.627,2013,Vinho de mesa
Quênia,6,4,2013,Vinho de mesa
Reino Unido,59.161,305.005,2013,Vinho de mesa
República Dominicana,-,-,2013,Vinho de mesa
Rússia,5.893.291,14.795.694,2013,Vinho de mesa
São Cristóvão e Névis,-,-,2013,Vinho de mesa
São Tomé e Príncipe,-,-,2013,Vinho de mesa
São Vicente e Granadinas,-,-,2013,Vinho de mesa
Senegal,-,-,2013,Vinho de mesa
Serra Leoa,-,-,2013,Vinho de mesa
Singapura,-,-,2013,Vinho de mesa
Suazilândia,-,-,2013,Vinho de mesa
Suécia,3.195,20.183,2013,Vinho de mesa
Suíça,2.997,29.785,2013,Vinho de mesa
Suriname,1.800,2.960,2013,Vinho de mesa
Tailândia,-,-,2013,Vinho de mesa
Taiwan (Formosa),-,-,2013,Vinho de mesa
Tanzânia,-,-,2013,Vinho de mesa
"Tcheca, República",3.697,23.549,2013,Vinho de mesa
Togo,-,-,2013,Vinho de mesa
Toquelau,-,-,2013,Vinho de mesa
Trinidade Tobago,-,-,2013,Vinho de mesa
Tunísia,-,-,2013,Vinho de mesa
Turquia,-,-,2013,Vinho de mesa
Tuvalu,-,-,2013,Vinho de mesa
Uruguai,1.526,13.343,2013,Vinho de mesa
Vanuatu,-,-,2013,Vinho de mesa
Venezuela,-,-,2013,Vinho de mesa
Vietnã,-,-,2013,Vinho de mesa
Afeganistão,-,-,2014,Vinho de mesa
África do Sul,-,-,2014,Vinho de mesa
"Alemanha, República Democrática",213.348,761.653,2014,Vinho de mesa
Angola,12.182,23.124,2014,Vinho de mesa
Anguilla,-,-,2014,Vinho de mesa
Antígua e Barbuda,-,-,2014,Vinho de mesa
Antilhas Holandesas,4.455,7.169,2014,Vinho de mesa
Arábia Saudita,-,-,2014,Vinho de mesa
Argentina,20.385,95.130,2014,Vinho de mesa
Aruba,450,755,2014,Vinho de mesa
Austrália,6.308,43.709,2014,Vinho de mesa
Áustria,-,-,2014,Vinho de mesa
Bahamas,-,-,2014,Vinho de mesa
Bangladesh,-,-,2014,Vinho de mesa
Barbados,-,-,2014,Vinho de mesa
Barein,-,-,2014,Vinho de mesa
Bélgica,151.320,704.093,2014,Vinho de mesa
Belice,-,-,2014,Vinho de mesa
Benin,-,-,2014,Vinho de mesa
Bermudas,-,-,2014,Vinho de mesa
Bolívia,12.534,18.303,2014,Vinho de mesa
Bósnia-Herzegovina,-,-,2014,Vinho de mesa
Brasil,-,-,2014,Vinho de mesa
Bulgária,-,-,2014,Vinho de mesa
Cabo Verde,-,-,2014,Vinho de mesa
Camarões,-,-,2014,Vinho de mesa
Canadá,35.082,226.875,2014,Vinho de mesa
Catar,-,-,2014,Vinho de mesa
"Cayman, Ilhas",-,-,2014,Vinho de mesa
Chile,-,-,2014,Vinho de mesa
China,64.040,455.340,2014,Vinho de mesa
Chipre,-,-,2014,Vinho de mesa
Cingapura,541,3.887,2014,Vinho de mesa
"Cocos (Keeling), Ilhas",-,-,2014,Vinho de mesa
Colômbia,-,-,2014,Vinho de mesa
Comores,-,-,2014,Vinho de mesa
Congo,-,-,2014,Vinho de mesa
"Coreia, Republica Sul",-,-,2014,Vinho de mesa
Costa do Marfim,-,-,2014,Vinho de mesa
Costa Rica,-,-,2014,Vinho de mesa
Croácia,-,-,2014,Vinho de mesa
Cuba,38.875,43.200,2014,Vinho de mesa
Curaçao,-,-,2014,Vinho de mesa
Dinamarca,3.240,16.871,2014,Vinho de mesa
Dominica,-,-,2014,Vinho de mesa
El Salvador,-,-,2014,Vinho de mesa
Emirados Arabes Unidos,640,3.381,2014,Vinho de mesa
Equador,-,-,2014,Vinho de mesa
"Eslovaca, Republica",-,-,2014,Vinho de mesa
Espanha,-,-,2014,Vinho de mesa
Estados Unidos,222.267,494.216,2014,Vinho de mesa
Estônia,-,-,2014,Vinho de mesa
Filipinas,-,-,2014,Vinho de mesa
Finlândia,12.960,94.962,2014,Vinho de mesa
França,33.755,167.807,2014,Vinho de mesa
Gana,-,-,2014,Vinho de mesa
Gibraltar,-,-,2014,Vinho de mesa
Granada,-,-,2014,Vinho de mesa
Grécia,-,-,2014,Vinho de mesa
Guatemala,-,-,2014,Vinho de mesa
Guiana,-,-,2014,Vinho de mesa
Guiana Francesa,-,-,2014,Vinho de mesa
Guine Bissau,-,-,2014,Vinho de mesa
Guine Equatorial,5.646,11.983,2014,Vinho de mesa
Haiti,-,-,2014,Vinho de mesa
Honduras,-,-,2014,Vinho de mesa
Hong Kong,18.130,63.534,2014,Vinho de mesa
Hungria,-,-,2014,Vinho de mesa
Ilha de Man,-,-,2014,Vinho de mesa
Ilhas Virgens,-,-,2014,Vinho de mesa
India,-,-,2014,Vinho de mesa
Indonésia,-,-,2014,Vinho de mesa
Irã,-,-,2014,Vinho de mesa
Iraque,-,-,2014,Vinho de mesa
Irlanda,-,-,2014,Vinho de mesa
Itália,604,2.492,2014,Vinho de mesa
Jamaica,-,-,2014,Vinho de mesa
Japão,106.426,401.774,2014,Vinho de mesa
Jordânia,-,-,2014,Vinho de mesa
Letônia,-,-,2014,Vinho de mesa
Líbano,-,-,2014,Vinho de mesa
Libéria,-,-,2014,Vinho de mesa
Luxemburgo,8.281,52.400,2014,Vinho de mesa
Macau,-,-,2014,Vinho de mesa
Malásia,-,-,2014,Vinho de mesa
Malavi,-,-,2014,Vinho de mesa
Malta,-,-,2014,Vinho de mesa
"Marshall, Ilhas",-,-,2014,Vinho de mesa
Martinica,-,-,2014,Vinho de mesa
Mauritânia,-,-,2014,Vinho de mesa
México,1.521,24.336,2014,Vinho de mesa
Moçambique,-,-,2014,Vinho de mesa
Montenegro,-,-,2014,Vinho de mesa
Namíbia,-,-,2014,Vinho de mesa
Nicarágua,-,-,2014,Vinho de mesa
Nigéria,-,-,2014,Vinho de mesa
Noruega,7.179,50.464,2014,Vinho de mesa
Nova Caledônia,-,-,2014,Vinho de mesa
Nova Zelândia,2.800,13.675,2014,Vinho de mesa
Omã,-,-,2014,Vinho de mesa
Países Baixos,165.289,773.767,2014,Vinho de mesa
Palau,-,-,2014,Vinho de mesa
Panamá,-,-,2014,Vinho de mesa
Paraguai,521.847,908.028,2014,Vinho de mesa
Peru,-,-,2014,Vinho de mesa
Pitcairn,-,-,2014,Vinho de mesa
Polônia,30.181,107.957,2014,Vinho de mesa
Porto Rico,-,-,2014,Vinho de mesa
Portugal,71.544,79.141,2014,Vinho de mesa
Quênia,-,-,2014,Vinho de mesa
Reino Unido,305.807,1.373.747,2014,Vinho de mesa
República Dominicana,-,-,2014,Vinho de mesa
Rússia,190.656,61.440,2014,Vinho de mesa
São Cristóvão e Névis,-,-,2014,Vinho de mesa
São Tomé e Príncipe,-,-,2014,Vinho de mesa
São Vicente e Granadinas,-,-,2014,Vinho de mesa
Senegal,-,-,2014,Vinho de mesa
Serra Leoa,-,-,2014,Vinho de mesa
Singapura,-,-,2014,Vinho de mesa
Suazilândia,-,-,2014,Vinho de mesa
Suécia,10.404,51.057,2014,Vinho de mesa
Suíça,27.933,231.762,2014,Vinho de mesa
Suriname,6,19,2014,Vinho de mesa
Tailândia,-,-,2014,Vinho de mesa
Taiwan (Formosa),12.519,67.907,2014,Vinho de mesa
Tanzânia,-,-,2014,Vinho de mesa
"Tcheca, República",4.500,35.005,2014,Vinho de mesa
Togo,-,-,2014,Vinho de mesa
Toquelau,-,-,2014,Vinho de mesa
Trinidade Tobago,360,1.600,2014,Vinho de mesa
Tunísia,-,-,2014,Vinho de mesa
Turquia,-,-,2014,Vinho de mesa
Tuvalu,-,-,2014,Vinho de mesa
Uruguai,-,-,2014,Vinho de mesa
Vanuatu,-,-,2014,Vinho de mesa
Venezuela,14,232,2014,Vinho de mesa
Vietnã,-,-,2014,Vinho de mesa
Afeganistão,-,-,2015,Vinho de mesa
África do Sul,-,-,2015,Vinho de mesa
"Alemanha, República Democrática",10.680,44.780,2015,Vinho de mesa
Angola,1.908,17.089,2015,Vinho de mesa
Anguilla,-,-,2015,Vinho de mesa
Antígua e Barbuda,-,-,2015,Vinho de mesa
Antilhas Holandesas,6.660,10.545,2015,Vinho de mesa
Arábia Saudita,-,-,2015,Vinho de mesa
Argentina,-,-,2015,Vinho de mesa
Aruba,-,-,2015,Vinho de mesa
Austrália,7.437,48.011,2015,Vinho de mesa
Áustria,-,-,2015,Vinho de mesa
Bahamas,-,-,2015,Vinho de mesa
Bangladesh,-,-,2015,Vinho de mesa
Barbados,-,-,2015,Vinho de mesa
Barein,-,-,2015,Vinho de mesa
Bélgica,4.473,26.399,2015,Vinho de mesa
Belice,-,-,2015,Vinho de mesa
Benin,-,-,2015,Vinho de mesa
Bermudas,-,-,2015,Vinho de mesa
Bolívia,10.674,12.990,2015,Vinho de mesa
Bósnia-Herzegovina,-,-,2015,Vinho de mesa
Brasil,-,-,2015,Vinho de mesa
Bulgária,-,-,2015,Vinho de mesa
Cabo Verde,-,-,2015,Vinho de mesa
Camarões,-,-,2015,Vinho de mesa
Canadá,24.547,118.394,2015,Vinho de mesa
Catar,-,-,2015,Vinho de mesa
"Cayman, Ilhas",-,-,2015,Vinho de mesa
Chile,-,-,2015,Vinho de mesa
China,47.609,222.866,2015,Vinho de mesa
Chipre,-,-,2015,Vinho de mesa
Cingapura,1.116,2.774,2015,Vinho de mesa
"Cocos (Keeling), Ilhas",-,-,2015,Vinho de mesa
Colômbia,-,-,2015,Vinho de mesa
Comores,-,-,2015,Vinho de mesa
Congo,-,-,2015,Vinho de mesa
"Coreia, Republica Sul",-,-,2015,Vinho de mesa
Costa do Marfim,-,-,2015,Vinho de mesa
Costa Rica,-,-,2015,Vinho de mesa
Croácia,-,-,2015,Vinho de mesa
Cuba,97.965,108.864,2015,Vinho de mesa
Curaçao,-,-,2015,Vinho de mesa
Dinamarca,7.080,29.306,2015,Vinho de mesa
Dominica,-,-,2015,Vinho de mesa
El Salvador,-,-,2015,Vinho de mesa
Emirados Arabes Unidos,765,3.740,2015,Vinho de mesa
Equador,-,-,2015,Vinho de mesa
"Eslovaca, Republica",-,-,2015,Vinho de mesa
Espanha,-,-,2015,Vinho de mesa
Estados Unidos,195.896,524.109,2015,Vinho de mesa
Estônia,-,-,2015,Vinho de mesa
Filipinas,-,-,2015,Vinho de mesa
Finlândia,-,-,2015,Vinho de mesa
França,1.596,4.749,2015,Vinho de mesa
Gana,-,-,2015,Vinho de mesa
Gibraltar,-,-,2015,Vinho de mesa
Granada,-,-,2015,Vinho de mesa
Grécia,-,-,2015,Vinho de mesa
Guatemala,-,-,2015,Vinho de mesa
Guiana,-,-,2015,Vinho de mesa
Guiana Francesa,-,-,2015,Vinho de mesa
Guine Bissau,-,-,2015,Vinho de mesa
Guine Equatorial,-,-,2015,Vinho de mesa
Haiti,-,-,2015,Vinho de mesa
Honduras,-,-,2015,Vinho de mesa
Hong Kong,1.229,7.837,2015,Vinho de mesa
Hungria,-,-,2015,Vinho de mesa
Ilha de Man,-,-,2015,Vinho de mesa
Ilhas Virgens,-,-,2015,Vinho de mesa
India,-,-,2015,Vinho de mesa
Indonésia,-,-,2015,Vinho de mesa
Irã,-,-,2015,Vinho de mesa
Iraque,-,-,2015,Vinho de mesa
Irlanda,-,-,2015,Vinho de mesa
Itália,-,-,2015,Vinho de mesa
Jamaica,-,-,2015,Vinho de mesa
Japão,31.597,87.853,2015,Vinho de mesa
Jordânia,-,-,2015,Vinho de mesa
Letônia,-,-,2015,Vinho de mesa
Líbano,-,-,2015,Vinho de mesa
Libéria,-,-,2015,Vinho de mesa
Luxemburgo,2.295,17.358,2015,Vinho de mesa
Macau,-,-,2015,Vinho de mesa
Malásia,-,-,2015,Vinho de mesa
Malavi,-,-,2015,Vinho de mesa
Malta,-,-,2015,Vinho de mesa
"Marshall, Ilhas",-,-,2015,Vinho de mesa
Martinica,-,-,2015,Vinho de mesa
Mauritânia,-,-,2015,Vinho de mesa
México,-,-,2015,Vinho de mesa
Moçambique,-,-,2015,Vinho de mesa
Montenegro,-,-,2015,Vinho de mesa
Namíbia,-,-,2015,Vinho de mesa
Nicarágua,-,-,2015,Vinho de mesa
Nigéria,-,-,2015,Vinho de mesa
Noruega,1.058,6.021,2015,Vinho de mesa
Nova Caledônia,-,-,2015,Vinho de mesa
Nova Zelândia,809,3.476,2015,Vinho de mesa
Omã,-,-,2015,Vinho de mesa
Países Baixos,44.987,186.464,2015,Vinho de mesa
Palau,-,-,2015,Vinho de mesa
Panamá,-,-,2015,Vinho de mesa
Paraguai,495.428,741.370,2015,Vinho de mesa
Peru,-,-,2015,Vinho de mesa
Pitcairn,-,-,2015,Vinho de mesa
Polônia,11.654,42.781,2015,Vinho de mesa
Porto Rico,-,-,2015,Vinho de mesa
Portugal,47.736,42.586,2015,Vinho de mesa
Quênia,-,-,2015,Vinho de mesa
Reino Unido,68.382,308.407,2015,Vinho de mesa
República Dominicana,-,-,2015,Vinho de mesa
Rússia,47.664,18.240,2015,Vinho de mesa
São Cristóvão e Névis,-,-,2015,Vinho de mesa
São Tomé e Príncipe,-,-,2015,Vinho de mesa
São Vicente e Granadinas,-,-,2015,Vinho de mesa
Senegal,-,-,2015,Vinho de mesa
Serra Leoa,-,-,2015,Vinho de mesa
Singapura,-,-,2015,Vinho de mesa
Suazilândia,-,-,2015,Vinho de mesa
Suécia,1.412,6.404,2015,Vinho de mesa
Suíça,15.872,85.790,2015,Vinho de mesa
Suriname,453,713,2015,Vinho de mesa
Tailândia,-,-,2015,Vinho de mesa
Taiwan (Formosa),7.200,23.940,2015,Vinho de mesa
Tanzânia,-,-,2015,Vinho de mesa
"Tcheca, República",2.297,15.304,2015,Vinho de mesa
Togo,-,-,2015,Vinho de mesa
Toquelau,-,-,2015,Vinho de mesa
Trinidade Tobago,-,-,2015,Vinho de mesa
Tunísia,-,-,2015,Vinho de mesa
Turquia,-,-,2015,Vinho de mesa
Tuvalu,-,-,2015,Vinho de mesa
Uruguai,-,-,2015,Vinho de mesa
Vanuatu,-,-,2015,Vinho de mesa
Venezuela,-,-,2015,Vinho de mesa
Vietnã,-,-,2015,Vinho de mesa
Afeganistão,-,-,2016,Vinho de mesa
África do Sul,-,-,2016,Vinho de mesa
"Alemanha, República Democrática",14.012,68.109,2016,Vinho de mesa
Angola,7.359,35.390,2016,Vinho de mesa
Anguilla,-,-,2016,Vinho de mesa
Antígua e Barbuda,-,-,2016,Vinho de mesa
Antilhas Holandesas,16.641,26.450,2016,Vinho de mesa
Arábia Saudita,-,-,2016,Vinho de mesa
Argentina,-,-,2016,Vinho de mesa
Aruba,-,-,2016,Vinho de mesa
Austrália,1.954,13.799,2016,Vinho de mesa
Áustria,675,5.220,2016,Vinho de mesa
Bahamas,-,-,2016,Vinho de mesa
Bangladesh,-,-,2016,Vinho de mesa
Barbados,-,-,2016,Vinho de mesa
Barein,-,-,2016,Vinho de mesa
Bélgica,7.200,46.534,2016,Vinho de mesa
Belice,-,-,2016,Vinho de mesa
Benin,5.040,20.333,2016,Vinho de mesa
Bermudas,-,-,2016,Vinho de mesa
Bolívia,13.586,16.902,2016,Vinho de mesa
Bósnia-Herzegovina,-,-,2016,Vinho de mesa
Brasil,-,-,2016,Vinho de mesa
Bulgária,-,-,2016,Vinho de mesa
Cabo Verde,-,-,2016,Vinho de mesa
Camarões,-,-,2016,Vinho de mesa
Canadá,13.711,71.096,2016,Vinho de mesa
Catar,-,-,2016,Vinho de mesa
"Cayman, Ilhas",-,-,2016,Vinho de mesa
Chile,-,-,2016,Vinho de mesa
China,134.106,499.622,2016,Vinho de mesa
Chipre,-,-,2016,Vinho de mesa
Cingapura,5.445,13.199,2016,Vinho de mesa
"Cocos (Keeling), Ilhas",-,-,2016,Vinho de mesa
Colômbia,-,-,2016,Vinho de mesa
Comores,-,-,2016,Vinho de mesa
Congo,-,-,2016,Vinho de mesa
"Coreia, Republica Sul",8,20,2016,Vinho de mesa
Costa do Marfim,-,-,2016,Vinho de mesa
Costa Rica,-,-,2016,Vinho de mesa
Croácia,-,-,2016,Vinho de mesa
Cuba,63.741,69.830,2016,Vinho de mesa
Curaçao,-,-,2016,Vinho de mesa
Dinamarca,1.278,8.171,2016,Vinho de mesa
Dominica,-,-,2016,Vinho de mesa
El Salvador,-,-,2016,Vinho de mesa
Emirados Arabes Unidos,585,2.760,2016,Vinho de mesa
Equador,-,-,2016,Vinho de mesa
"Eslovaca, Republica",-,-,2016,Vinho de mesa
Espanha,-,-,2016,Vinho de mesa
Estados Unidos,258.072,687.411,2016,Vinho de mesa
Estônia,900,4.800,2016,Vinho de mesa
Filipinas,-,-,2016,Vinho de mesa
Finlândia,7.617,41.003,2016,Vinho de mesa
França,6.037,30.055,2016,Vinho de mesa
Gana,-,-,2016,Vinho de mesa
Gibraltar,-,-,2016,Vinho de mesa
Granada,-,-,2016,Vinho de mesa
Grécia,-,-,2016,Vinho de mesa
Guatemala,-,-,2016,Vinho de mesa
Guiana,-,-,2016,Vinho de mesa
Guiana Francesa,-,-,2016,Vinho de mesa
Guine Bissau,-,-,2016,Vinho de mesa
Guine Equatorial,-,-,2016,Vinho de mesa
Haiti,-,-,2016,Vinho de mesa
Honduras,-,-,2016,Vinho de mesa
Hong Kong,6.975,86.199,2016,Vinho de mesa
Hungria,-,-,2016,Vinho de mesa
Ilha de Man,-,-,2016,Vinho de mesa
Ilhas Virgens,-,-,2016,Vinho de mesa
India,-,-,2016,Vinho de mesa
Indonésia,-,-,2016,Vinho de mesa
Irã,-,-,2016,Vinho de mesa
Iraque,-,-,2016,Vinho de mesa
Irlanda,-,-,2016,Vinho de mesa
Itália,585,3.465,2016,Vinho de mesa
Jamaica,-,-,2016,Vinho de mesa
Japão,34.341,90.954,2016,Vinho de mesa
Jordânia,-,-,2016,Vinho de mesa
Letônia,-,-,2016,Vinho de mesa
Líbano,-,-,2016,Vinho de mesa
Libéria,-,-,2016,Vinho de mesa
Luxemburgo,2.759,21.426,2016,Vinho de mesa
Macau,-,-,2016,Vinho de mesa
Malásia,-,-,2016,Vinho de mesa
Malavi,-,-,2016,Vinho de mesa
Malta,-,-,2016,Vinho de mesa
"Marshall, Ilhas",-,-,2016,Vinho de mesa
Martinica,-,-,2016,Vinho de mesa
Mauritânia,-,-,2016,Vinho de mesa
México,-,-,2016,Vinho de mesa
Moçambique,-,-,2016,Vinho de mesa
Montenegro,-,-,2016,Vinho de mesa
Namíbia,-,-,2016,Vinho de mesa
Nicarágua,-,-,2016,Vinho de mesa
Nigéria,-,-,2016,Vinho de mesa
Noruega,-,-,2016,Vinho de mesa
Nova Caledônia,-,-,2016,Vinho de mesa
Nova Zelândia,504,9.472,2016,Vinho de mesa
Omã,-,-,2016,Vinho de mesa
Países Baixos,42.953,190.203,2016,Vinho de mesa
Palau,-,-,2016,Vinho de mesa
Panamá,-,-,2016,Vinho de mesa
Paraguai,985.739,1.655.417,2016,Vinho de mesa
Peru,-,-,2016,Vinho de mesa
Pitcairn,-,-,2016,Vinho de mesa
Polônia,11.457,35.402,2016,Vinho de mesa
Porto Rico,-,-,2016,Vinho de mesa
Portugal,-,-,2016,Vinho de mesa
Quênia,-,-,2016,Vinho de mesa
Reino Unido,117.044,536.681,2016,Vinho de mesa
República Dominicana,-,-,2016,Vinho de mesa
Rússia,-,-,2016,Vinho de mesa
São Cristóvão e Névis,-,-,2016,Vinho de mesa
São Tomé e Príncipe,-,-,2016,Vinho de mesa
São Vicente e Granadinas,-,-,2016,Vinho de mesa
Senegal,-,-,2016,Vinho de mesa
Serra Leoa,-,-,2016,Vinho de mesa
Singapura,-,-,2016,Vinho de mesa
Suazilândia,-,-,2016,Vinho de mesa
Suécia,291,1.214,2016,Vinho de mesa
Suíça,4.230,33.340,2016,Vinho de mesa
Suriname,900,1.375,2016,Vinho de mesa
Tailândia,-,-,2016,Vinho de mesa
Taiwan (Formosa),16.967,80.379,2016,Vinho de mesa
Tanzânia,-,-,2016,Vinho de mesa
"Tcheca, República",3.837,28.473,2016,Vinho de mesa
Togo,-,-,2016,Vinho de mesa
Toquelau,-,-,2016,Vinho de mesa
Trinidade Tobago,-,-,2016,Vinho de mesa
Tunísia,-,-,2016,Vinho de mesa
Turquia,-,-,2016,Vinho de mesa
Tuvalu,-,-,2016,Vinho de mesa
Uruguai,-,-,2016,Vinho de mesa
Vanuatu,-,-,2016,Vinho de mesa
Venezuela,-,-,2016,Vinho de mesa
Vietnã,-,,2016,Vinho de mesa
Afeganistão,-,-,2017,Vinho de mesa
África do Sul,-,-,2017,Vinho de mesa
"Alemanha, República Democrática",15.467,87.702,2017,Vinho de mesa
Angola,10.170,61.680,2017,Vinho de mesa
Anguilla,-,-,2017,Vinho de mesa
Antígua e Barbuda,-,-,2017,Vinho de mesa
Antilhas Holandesas,5.400,8.550,2017,Vinho de mesa
Arábia Saudita,-,-,2017,Vinho de mesa
Argentina,-,-,2017,Vinho de mesa
Aruba,-,-,2017,Vinho de mesa
Austrália,1.350,7.500,2017,Vinho de mesa
Áustria,-,-,2017,Vinho de mesa
Bahamas,-,-,2017,Vinho de mesa
Bangladesh,-,-,2017,Vinho de mesa
Barbados,-,-,2017,Vinho de mesa
Barein,-,-,2017,Vinho de mesa
Bélgica,2.790,16.405,2017,Vinho de mesa
Belice,-,-,2017,Vinho de mesa
Benin,-,-,2017,Vinho de mesa
Bermudas,-,-,2017,Vinho de mesa
Bolívia,9.495,23.085,2017,Vinho de mesa
Bósnia-Herzegovina,-,-,2017,Vinho de mesa
Brasil,-,-,2017,Vinho de mesa
Bulgária,117,1.579,2017,Vinho de mesa
Cabo Verde,-,-,2017,Vinho de mesa
Camarões,1.749,7.476,2017,Vinho de mesa
Canadá,6.075,30.658,2017,Vinho de mesa
Catar,13.338,81.606,2017,Vinho de mesa
"Cayman, Ilhas",-,-,2017,Vinho de mesa
Chile,-,-,2017,Vinho de mesa
China,67.594,266.086,2017,Vinho de mesa
Chipre,-,-,2017,Vinho de mesa
Cingapura,-,-,2017,Vinho de mesa
"Cocos (Keeling), Ilhas",-,-,2017,Vinho de mesa
Colômbia,-,-,2017,Vinho de mesa
Comores,-,-,2017,Vinho de mesa
Congo,-,-,2017,Vinho de mesa
"Coreia, Republica Sul",-,-,2017,Vinho de mesa
Costa do Marfim,-,-,2017,Vinho de mesa
Costa Rica,-,-,2017,Vinho de mesa
Croácia,-,-,2017,Vinho de mesa
Cuba,62.791,72.229,2017,Vinho de mesa
Curaçao,12.340,23.011,2017,Vinho de mesa
Dinamarca,581,2.829,2017,Vinho de mesa
Dominica,-,-,2017,Vinho de mesa
El Salvador,-,-,2017,Vinho de mesa
Emirados Arabes Unidos,675,3.302,2017,Vinho de mesa
Equador,-,-,2017,Vinho de mesa
"Eslovaca, Republica",-,-,2017,Vinho de mesa
Espanha,-,-,2017,Vinho de mesa
Estados Unidos,132.688,1.523.699,2017,Vinho de mesa
Estônia,-,-,2017,Vinho de mesa
Filipinas,-,-,2017,Vinho de mesa
Finlândia,-,-,2017,Vinho de mesa
França,4.253,21.654,2017,Vinho de mesa
Gana,-,-,2017,Vinho de mesa
Gibraltar,-,-,2017,Vinho de mesa
Granada,-,-,2017,Vinho de mesa
Grécia,-,-,2017,Vinho de mesa
Guatemala,-,-,2017,Vinho de mesa
Guiana,-,-,2017,Vinho de mesa
Guiana Francesa,-,-,2017,Vinho de mesa
Guine Bissau,48,90,2017,Vinho de mesa
Guine Equatorial,2.639,30.563,2017,Vinho de mesa
Haiti,-,-,2017,Vinho de mesa
Honduras,-,-,2017,Vinho de mesa
Hong Kong,1.934,8.180,2017,Vinho de mesa
Hungria,-,-,2017,Vinho de mesa
Ilha de Man,-,-,2017,Vinho de mesa
Ilhas Virgens,-,-,2017,Vinho de mesa
India,-,-,2017,Vinho de mesa
Indonésia,-,-,2017,Vinho de mesa
Irã,-,-,2017,Vinho de mesa
Iraque,-,-,2017,Vinho de mesa
Irlanda,-,-,2017,Vinho de mesa
Itália,468,2.248,2017,Vinho de mesa
Jamaica,-,-,2017,Vinho de mesa
Japão,33.909,92.886,2017,Vinho de mesa
Jordânia,-,-,2017,Vinho de mesa
Letônia,387,3.723,2017,Vinho de mesa
Líbano,-,-,2017,Vinho de mesa
Libéria,-,-,2017,Vinho de mesa
Luxemburgo,2.719,21.947,2017,Vinho de mesa
Macau,-,-,2017,Vinho de mesa
Malásia,-,-,2017,Vinho de mesa
Malavi,-,-,2017,Vinho de mesa
Malta,-,-,2017,Vinho de mesa
"Marshall, Ilhas",-,-,2017,Vinho de mesa
Martinica,-,-,2017,Vinho de mesa
Mauritânia,-,-,2017,Vinho de mesa
México,664,2.292,2017,Vinho de mesa
Moçambique,-,-,2017,Vinho de mesa
Montenegro,-,-,2017,Vinho de mesa
Namíbia,-,-,2017,Vinho de mesa
Nicarágua,-,-,2017,Vinho de mesa
Nigéria,-,-,2017,Vinho de mesa
Noruega,-,-,2017,Vinho de mesa
Nova Caledônia,-,-,2017,Vinho de mesa
Nova Zelândia,1.678,8.140,2017,Vinho de mesa
Omã,-,-,2017,Vinho de mesa
Países Baixos,-,-,2017,Vinho de mesa
Palau,-,-,2017,Vinho de mesa
Panamá,-,-,2017,Vinho de mesa
Paraguai,2.393.468,4.274.650,2017,Vinho de mesa
Peru,-,-,2017,Vinho de mesa
Pitcairn,-,-,2017,Vinho de mesa
Polônia,-,-,2017,Vinho de mesa
Porto Rico,-,-,2017,Vinho de mesa
Portugal,-,-,2017,Vinho de mesa
Quênia,-,-,2017,Vinho de mesa
Reino Unido,60.711,242.883,2017,Vinho de mesa
República Dominicana,-,-,2017,Vinho de mesa
Rússia,-,-,2017,Vinho de mesa
São Cristóvão e Névis,-,-,2017,Vinho de mesa
São Tomé e Príncipe,-,-,2017,Vinho de mesa
São Vicente e Granadinas,-,-,2017,Vinho de mesa
Senegal,-,-,2017,Vinho de mesa
Serra Leoa,-,-,2017,Vinho de mesa
Singapura,-,-,2017,Vinho de mesa
Suazilândia,-,-,2017,Vinho de mesa
Suécia,15.445,64.953,2017,Vinho de mesa
Suíça,6.525,74.816,2017,Vinho de mesa
Suriname,3.690,5.638,2017,Vinho de mesa
Tailândia,-,-,2017,Vinho de mesa
Taiwan (Formosa),14.988,43.954,2017,Vinho de mesa
Tanzânia,-,-,2017,Vinho de mesa
"Tcheca, República",2.746,16.947,2017,Vinho de mesa
Togo,-,-,2017,Vinho de mesa
Toquelau,-,-,2017,Vinho de mesa
Trinidade Tobago,-,-,2017,Vinho de mesa
Tunísia,-,-,2017,Vinho de mesa
Turquia,-,-,2017,Vinho de mesa
Tuvalu,-,-,2017,Vinho de mesa
Uruguai,-,-,2017,Vinho de mesa
Vanuatu,-,-,2017,Vinho de mesa
Venezuela,680,2.646,2017,Vinho de mesa
Vietnã,-,-,2017,Vinho de mesa
Afeganistão,-,-,2018,Vinho de mesa
África do Sul,-,-,2018,Vinho de mesa
"Alemanha, República Democrática",10.794,45.382,2018,Vinho de mesa
Angola,477,709,2018,Vinho de mesa
Anguilla,-,-,2018,Vinho de mesa
Antígua e Barbuda,37,191,2018,Vinho de mesa
Antilhas Holandesas,-,-,2018,Vinho de mesa
Arábia Saudita,-,-,2018,Vinho de mesa
Argentina,15.711,59.150,2018,Vinho de mesa
Aruba,-,-,2018,Vinho de mesa
Austrália,2.055,6.902,2018,Vinho de mesa
Áustria,-,-,2018,Vinho de mesa
Bahamas,141,634,2018,Vinho de mesa
Bangladesh,-,-,2018,Vinho de mesa
Barbados,-,-,2018,Vinho de mesa
Barein,-,-,2018,Vinho de mesa
Bélgica,7.497,52.799,2018,Vinho de mesa
Belice,-,-,2018,Vinho de mesa
Benin,-,-,2018,Vinho de mesa
Bermudas,-,-,2018,Vinho de mesa
Bolívia,21.566,57.424,2018,Vinho de mesa
Bósnia-Herzegovina,-,-,2018,Vinho de mesa
Brasil,-,-,2018,Vinho de mesa
Bulgária,-,-,2018,Vinho de mesa
Cabo Verde,18,48,2018,Vinho de mesa
Camarões,-,-,2018,Vinho de mesa
Canadá,5.308,20.414,2018,Vinho de mesa
Catar,-,-,2018,Vinho de mesa
"Cayman, Ilhas",19,203,2018,Vinho de mesa
Chile,11.049,42.832,2018,Vinho de mesa
China,30.835,126.336,2018,Vinho de mesa
Chipre,279,480,2018,Vinho de mesa
Cingapura,3.298,11.616,2018,Vinho de mesa
"Cocos (Keeling), Ilhas",-,-,2018,Vinho de mesa
Colômbia,6.944,26.273,2018,Vinho de mesa
Comores,-,-,2018,Vinho de mesa
Congo,-,-,2018,Vinho de mesa
"Coreia, Republica Sul",120,109,2018,Vinho de mesa
Costa do Marfim,-,-,2018,Vinho de mesa
Costa Rica,-,-,2018,Vinho de mesa
Croácia,-,-,2018,Vinho de mesa
Cuba,4.776,5.584,2018,Vinho de mesa
Curaçao,23.930,43.676,2018,Vinho de mesa
Dinamarca,-,-,2018,Vinho de mesa
Dominica,-,-,2018,Vinho de mesa
El Salvador,-,-,2018,Vinho de mesa
Emirados Arabes Unidos,360,1.762,2018,Vinho de mesa
Equador,-,-,2018,Vinho de mesa
"Eslovaca, Republica",-,-,2018,Vinho de mesa
Espanha,6.123,22.631,2018,Vinho de mesa
Estados Unidos,169.109,512.519,2018,Vinho de mesa
Estônia,-,-,2018,Vinho de mesa
Filipinas,9.608,16.205,2018,Vinho de mesa
Finlândia,-,-,2018,Vinho de mesa
França,11.077,48.677,2018,Vinho de mesa
Gana,9.000,13.502,2018,Vinho de mesa
Gibraltar,-,-,2018,Vinho de mesa
Granada,-,-,2018,Vinho de mesa
Grécia,232,730,2018,Vinho de mesa
Guatemala,-,-,2018,Vinho de mesa
Guiana,-,-,2018,Vinho de mesa
Guiana Francesa,-,-,2018,Vinho de mesa
Guine Bissau,-,-,2018,Vinho de mesa
Guine Equatorial,8.389,26.808,2018,Vinho de mesa
Haiti,79.500,144.425,2018,Vinho de mesa
Honduras,-,-,2018,Vinho de mesa
Hong Kong,1.742,9.029,2018,Vinho de mesa
Hungria,-,-,2018,Vinho de mesa
Ilha de Man,-,-,2018,Vinho de mesa
Ilhas Virgens,-,-,2018,Vinho de mesa
India,-,-,2018,Vinho de mesa
Indonésia,-,-,2018,Vinho de mesa
Irã,-,-,2018,Vinho de mesa
Iraque,-,-,2018,Vinho de mesa
Irlanda,7.560,25.767,2018,Vinho de mesa
Itália,3.661,13.260,2018,Vinho de mesa
Jamaica,-,-,2018,Vinho de mesa
Japão,36.992,112.342,2018,Vinho de mesa
Jordânia,-,-,2018,Vinho de mesa
Letônia,-,-,2018,Vinho de mesa
Líbano,-,-,2018,Vinho de mesa
Libéria,658,3.100,2018,Vinho de mesa
Luxemburgo,1.778,11.053,2018,Vinho de mesa
Macau,-,-,2018,Vinho de mesa
Malásia,15,33,2018,Vinho de mesa
Malavi,-,-,2018,Vinho de mesa
Malta,503,1.192,2018,Vinho de mesa
"Marshall, Ilhas",923,2.436,2018,Vinho de mesa
Martinica,-,-,2018,Vinho de mesa
Mauritânia,-,-,2018,Vinho de mesa
México,2.748,9.744,2018,Vinho de mesa
Moçambique,-,-,2018,Vinho de mesa
Montenegro,-,-,2018,Vinho de mesa
Namíbia,-,-,2018,Vinho de mesa
Nicarágua,-,-,2018,Vinho de mesa
Nigéria,5.175,6.250,2018,Vinho de mesa
Noruega,1.295,9.847,2018,Vinho de mesa
Nova Caledônia,-,-,2018,Vinho de mesa
Nova Zelândia,969,5.565,2018,Vinho de mesa
Omã,-,-,2018,Vinho de mesa
Países Baixos,9.451,32.395,2018,Vinho de mesa
Palau,-,-,2018,Vinho de mesa
Panamá,1.183,3.117,2018,Vinho de mesa
Paraguai,3.234.168,5.494.321,2018,Vinho de mesa
Peru,5.193,19.372,2018,Vinho de mesa
Pitcairn,-,-,2018,Vinho de mesa
Polônia,720,4.679,2018,Vinho de mesa
Porto Rico,-,-,2018,Vinho de mesa
Portugal,-,-,2018,Vinho de mesa
Quênia,6.771,31.225,2018,Vinho de mesa
Reino Unido,67.708,296.827,2018,Vinho de mesa
República Dominicana,-,-,2018,Vinho de mesa
Rússia,-,-,2018,Vinho de mesa
São Cristóvão e Névis,-,-,2018,Vinho de mesa
São Tomé e Príncipe,2.184,2.357,2018,Vinho de mesa
São Vicente e Granadinas,-,-,2018,Vinho de mesa
Senegal,-,-,2018,Vinho de mesa
Serra Leoa,-,-,2018,Vinho de mesa
Singapura,-,-,2018,Vinho de mesa
Suazilândia,-,-,2018,Vinho de mesa
Suécia,8.062,34.563,2018,Vinho de mesa
Suíça,-,-,2018,Vinho de mesa
Suriname,-,-,2018,Vinho de mesa
Tailândia,8,45,2018,Vinho de mesa
Taiwan (Formosa),7.589,18.421,2018,Vinho de mesa
Tanzânia,-,-,2018,Vinho de mesa
"Tcheca, República",2.712,20.980,2018,Vinho de mesa
Togo,-,-,2018,Vinho de mesa
Toquelau,-,-,2018,Vinho de mesa
Trinidade Tobago,-,-,2018,Vinho de mesa
Tunísia,-,-,2018,Vinho de mesa
Turquia,360,150,2018,Vinho de mesa
Tuvalu,-,-,2018,Vinho de mesa
Uruguai,7.711,29.617,2018,Vinho de mesa
Vanuatu,-,-,2018,Vinho de mesa
Venezuela,71,355,2018,Vinho de mesa
Vietnã,-,-,2018,Vinho de mesa
Afeganistão,-,-,2019,Vinho de mesa
África do Sul,26,95,2019,Vinho de mesa
"Alemanha, República Democrática",3.660,25.467,2019,Vinho de mesa
Angola,345,1.065,2019,Vinho de mesa
Anguilla,-,-,2019,Vinho de mesa
Antígua e Barbuda,219,1.549,2019,Vinho de mesa
Antilhas Holandesas,-,-,2019,Vinho de mesa
Arábia Saudita,-,-,2019,Vinho de mesa
Argentina,-,-,2019,Vinho de mesa
Aruba,-,-,2019,Vinho de mesa
Austrália,1.161,4.682,2019,Vinho de mesa
Áustria,-,-,2019,Vinho de mesa
Bahamas,791,3.124,2019,Vinho de mesa
Bangladesh,-,-,2019,Vinho de mesa
Barbados,36,394,2019,Vinho de mesa
Barein,482,2.144,2019,Vinho de mesa
Bélgica,2.498,12.548,2019,Vinho de mesa
Belice,9,29,2019,Vinho de mesa
Benin,9,9,2019,Vinho de mesa
Bermudas,-,-,2019,Vinho de mesa
Bolívia,-,-,2019,Vinho de mesa
Bósnia-Herzegovina,-,-,2019,Vinho de mesa
Brasil,-,-,2019,Vinho de mesa
Bulgária,-,-,2019,Vinho de mesa
Cabo Verde,-,-,2019,Vinho de mesa
Camarões,-,-,2019,Vinho de mesa
Canadá,1.589,6.933,2019,Vinho de mesa
Catar,-,-,2019,Vinho de mesa
"Cayman, Ilhas",19,106,2019,Vinho de mesa
Chile,-,-,2019,Vinho de mesa
China,129.852,376.828,2019,Vinho de mesa
Chipre,672,1.843,2019,Vinho de mesa
Cingapura,5.044,19.099,2019,Vinho de mesa
"Cocos (Keeling), Ilhas",-,-,2019,Vinho de mesa
Colômbia,897,1.999,2019,Vinho de mesa
Comores,-,-,2019,Vinho de mesa
Congo,-,-,2019,Vinho de mesa
"Coreia, Republica Sul",70,194,2019,Vinho de mesa
Costa do Marfim,-,-,2019,Vinho de mesa
Costa Rica,-,-,2019,Vinho de mesa
Croácia,-,-,2019,Vinho de mesa
Cuba,-,-,2019,Vinho de mesa
Curaçao,33.951,62.067,2019,Vinho de mesa
Dinamarca,240,306,2019,Vinho de mesa
Dominica,-,-,2019,Vinho de mesa
El Salvador,-,-,2019,Vinho de mesa
Emirados Arabes Unidos,450,2.202,2019,Vinho de mesa
Equador,2,3,2019,Vinho de mesa
"Eslovaca, Republica",-,-,2019,Vinho de mesa
Espanha,3.540,1.353,2019,Vinho de mesa
Estados Unidos,209.765,616.274,2019,Vinho de mesa
Estônia,-,-,2019,Vinho de mesa
Filipinas,736,2.486,2019,Vinho de mesa
Finlândia,-,-,2019,Vinho de mesa
França,18.286,67.072,2019,Vinho de mesa
Gana,7.673,10.010,2019,Vinho de mesa
Gibraltar,23,93,2019,Vinho de mesa
Granada,-,-,2019,Vinho de mesa
Grécia,561,1.994,2019,Vinho de mesa
Guatemala,1.597,8.719,2019,Vinho de mesa
Guiana,424,1.311,2019,Vinho de mesa
Guiana Francesa,-,-,2019,Vinho de mesa
Guine Bissau,-,-,2019,Vinho de mesa
Guine Equatorial,-,-,2019,Vinho de mesa
Haiti,81.873,129.803,2019,Vinho de mesa
Honduras,-,-,2019,Vinho de mesa
Hong Kong,9.651,42.020,2019,Vinho de mesa
Hungria,-,-,2019,Vinho de mesa
Ilha de Man,28,175,2019,Vinho de mesa
Ilhas Virgens,-,-,2019,Vinho de mesa
India,51,273,2019,Vinho de mesa
Indonésia,-,-,2019,Vinho de mesa
Irã,-,-,2019,Vinho de mesa
Iraque,-,-,2019,Vinho de mesa
Irlanda,-,-,2019,Vinho de mesa
Itália,587,1.625,2019,Vinho de mesa
Jamaica,-,-,2019,Vinho de mesa
Japão,40.621,99.642,2019,Vinho de mesa
Jordânia,-,-,2019,Vinho de mesa
Letônia,-,-,2019,Vinho de mesa
Líbano,-,-,2019,Vinho de mesa
Libéria,4.441,20.068,2019,Vinho de mesa
Luxemburgo,1.666,11.211,2019,Vinho de mesa
Macau,-,-,2019,Vinho de mesa
Malásia,48,110,2019,Vinho de mesa
Malavi,-,-,2019,Vinho de mesa
Malta,3.661,8.828,2019,Vinho de mesa
"Marshall, Ilhas",7.276,15.786,2019,Vinho de mesa
Martinica,-,-,2019,Vinho de mesa
Mauritânia,-,-,2019,Vinho de mesa
México,4,4,2019,Vinho de mesa
Moçambique,-,-,2019,Vinho de mesa
Montenegro,9,46,2019,Vinho de mesa
Namíbia,-,-,2019,Vinho de mesa
Nicarágua,-,-,2019,Vinho de mesa
Nigéria,28.437,38.555,2019,Vinho de mesa
Noruega,628,3.139,2019,Vinho de mesa
Nova Caledônia,-,-,2019,Vinho de mesa
Nova Zelândia,500,2.832,2019,Vinho de mesa
Omã,-,-,2019,Vinho de mesa
Países Baixos,44.882,148.031,2019,Vinho de mesa
Palau,-,-,2019,Vinho de mesa
Panamá,7.918,29.017,2019,Vinho de mesa
Paraguai,2.419.537,3.826.587,2019,Vinho de mesa
Peru,9.755,17.310,2019,Vinho de mesa
Pitcairn,-,-,2019,Vinho de mesa
Polônia,5,11,2019,Vinho de mesa
Porto Rico,-,-,2019,Vinho de mesa
Portugal,18.328,72.413,2019,Vinho de mesa
Quênia,-,-,2019,Vinho de mesa
Reino Unido,34.295,164.592,2019,Vinho de mesa
República Dominicana,-,-,2019,Vinho de mesa
Rússia,-,-,2019,Vinho de mesa
São Cristóvão e Névis,-,-,2019,Vinho de mesa
São Tomé e Príncipe,-,-,2019,Vinho de mesa
São Vicente e Granadinas,-,-,2019,Vinho de mesa
Senegal,-,-,2019,Vinho de mesa
Serra Leoa,18,717,2019,Vinho de mesa
Singapura,-,-,2019,Vinho de mesa
Suazilândia,-,-,2019,Vinho de mesa
Suécia,28,761,2019,Vinho de mesa
Suíça,2.223,28.503,2019,Vinho de mesa
Suriname,3.206,4.741,2019,Vinho de mesa
Tailândia,128,832,2019,Vinho de mesa
Taiwan (Formosa),12,67,2019,Vinho de mesa
Tanzânia,-,-,2019,Vinho de mesa
"Tcheca, República",2.115,16.391,2019,Vinho de mesa
Togo,-,-,2019,Vinho de mesa
Toquelau,-,-,2019,Vinho de mesa
Trinidade Tobago,-,-,2019,Vinho de mesa
Tunísia,-,-,2019,Vinho de mesa
Turquia,115,209,2019,Vinho de mesa
Tuvalu,-,-,2019,Vinho de mesa
Uruguai,6.180,18.497,2019,Vinho de mesa
Vanuatu,-,-,2019,Vinho de mesa
Venezuela,-,-,2019,Vinho de mesa
Vietnã,20,32,2019,Vinho de mesa
Afeganistão,-,-,2020,Vinho de mesa
África do Sul,4,21,2020,Vinho de mesa
"Alemanha, República Democrática",6.261,32.605,2020,Vinho de mesa
Angola,-,-,2020,Vinho de mesa
Anguilla,-,-,2020,Vinho de mesa
Antígua e Barbuda,624,1.864,2020,Vinho de mesa
Antilhas Holandesas,-,-,2020,Vinho de mesa
Arábia Saudita,-,-,2020,Vinho de mesa
Argentina,1.015,4.176,2020,Vinho de mesa
Aruba,-,-,2020,Vinho de mesa
Austrália,1.013,3.413,2020,Vinho de mesa
Áustria,-,-,2020,Vinho de mesa
Bahamas,1.212,3.703,2020,Vinho de mesa
Bangladesh,3,29,2020,Vinho de mesa
Barbados,143,169,2020,Vinho de mesa
Barein,8,28,2020,Vinho de mesa
Bélgica,3.166,20.460,2020,Vinho de mesa
Belice,-,-,2020,Vinho de mesa
Benin,-,-,2020,Vinho de mesa
Bermudas,-,-,2020,Vinho de mesa
Bolívia,9.900,16.025,2020,Vinho de mesa
Bósnia-Herzegovina,45,52,2020,Vinho de mesa
Brasil,-,-,2020,Vinho de mesa
Bulgária,-,-,2020,Vinho de mesa
Cabo Verde,-,-,2020,Vinho de mesa
Camarões,0,178,2020,Vinho de mesa
Canadá,1.672,8.431,2020,Vinho de mesa
Catar,-,-,2020,Vinho de mesa
"Cayman, Ilhas",123,339,2020,Vinho de mesa
Chile,11,13,2020,Vinho de mesa
China,122.253,363.000,2020,Vinho de mesa
Chipre,2.478,6.785,2020,Vinho de mesa
Cingapura,4.049,9.316,2020,Vinho de mesa
"Cocos (Keeling), Ilhas",-,-,2020,Vinho de mesa
Colômbia,15.660,23.780,2020,Vinho de mesa
Comores,9,25,2020,Vinho de mesa
Congo,-,-,2020,Vinho de mesa
"Coreia, Republica Sul",103,433,2020,Vinho de mesa
Costa do Marfim,-,-,2020,Vinho de mesa
Costa Rica,-,-,2020,Vinho de mesa
Croácia,21,123,2020,Vinho de mesa
Cuba,-,-,2020,Vinho de mesa
Curaçao,47.962,65.986,2020,Vinho de mesa
Dinamarca,659,1.962,2020,Vinho de mesa
Dominica,-,-,2020,Vinho de mesa
El Salvador,-,-,2020,Vinho de mesa
Emirados Arabes Unidos,581,2.279,2020,Vinho de mesa
Equador,3.780,3.824,2020,Vinho de mesa
"Eslovaca, Republica",-,-,2020,Vinho de mesa
Espanha,28,126,2020,Vinho de mesa
Estados Unidos,300.178,610.793,2020,Vinho de mesa
Estônia,-,-,2020,Vinho de mesa
Filipinas,719,1.548,2020,Vinho de mesa
Finlândia,-,-,2020,Vinho de mesa
França,12.622,57.144,2020,Vinho de mesa
Gana,18.810,22.027,2020,Vinho de mesa
Gibraltar,769,2.860,2020,Vinho de mesa
Granada,-,-,2020,Vinho de mesa
Grécia,6.859,18.092,2020,Vinho de mesa
Guatemala,-,-,2020,Vinho de mesa
Guiana,990,2.577,2020,Vinho de mesa
Guiana Francesa,-,-,2020,Vinho de mesa
Guine Bissau,-,-,2020,Vinho de mesa
Guine Equatorial,-,-,2020,Vinho de mesa
Haiti,399.128,471.152,2020,Vinho de mesa
Honduras,-,-,2020,Vinho de mesa
Hong Kong,15.159,41.987,2020,Vinho de mesa
Hungria,-,-,2020,Vinho de mesa
Ilha de Man,11,121,2020,Vinho de mesa
Ilhas Virgens,-,-,2020,Vinho de mesa
India,7,10,2020,Vinho de mesa
Indonésia,5,6,2020,Vinho de mesa
Irã,21,35,2020,Vinho de mesa
Iraque,-,-,2020,Vinho de mesa
Irlanda,29,257,2020,Vinho de mesa
Itália,91,376,2020,Vinho de mesa
Jamaica,-,-,2020,Vinho de mesa
Japão,36.442,92.674,2020,Vinho de mesa
Jordânia,12,52,2020,Vinho de mesa
Letônia,-,-,2020,Vinho de mesa
Líbano,-,-,2020,Vinho de mesa
Libéria,5.155,17.624,2020,Vinho de mesa
Luxemburgo,1.086,5.110,2020,Vinho de mesa
Macau,-,-,2020,Vinho de mesa
Malásia,-,-,2020,Vinho de mesa
Malavi,-,-,2020,Vinho de mesa
Malta,3.490,9.688,2020,Vinho de mesa
"Marshall, Ilhas",6.270,19.639,2020,Vinho de mesa
Martinica,-,-,2020,Vinho de mesa
Mauritânia,-,-,2020,Vinho de mesa
México,24,226,2020,Vinho de mesa
Moçambique,-,-,2020,Vinho de mesa
Montenegro,9,20,2020,Vinho de mesa
Namíbia,-,-,2020,Vinho de mesa
Nicarágua,-,-,2020,Vinho de mesa
Nigéria,12.094,26.514,2020,Vinho de mesa
Noruega,1.859,15.134,2020,Vinho de mesa
Nova Caledônia,-,-,2020,Vinho de mesa
Nova Zelândia,95,515,2020,Vinho de mesa
Omã,-,-,2020,Vinho de mesa
Países Baixos,248,1.532,2020,Vinho de mesa
Palau,-,-,2020,Vinho de mesa
Panamá,10.821,28.372,2020,Vinho de mesa
Paraguai,3.299.013,3.869.243,2020,Vinho de mesa
Peru,-,-,2020,Vinho de mesa
Pitcairn,-,-,2020,Vinho de mesa
Polônia,74,86,2020,Vinho de mesa
Porto Rico,-,-,2020,Vinho de mesa
Portugal,7.958,34.518,2020,Vinho de mesa
Quênia,-,-,2020,Vinho de mesa
Reino Unido,22.913,82.722,2020,Vinho de mesa
República Dominicana,-,-,2020,Vinho de mesa
Rússia,1.463,8.550,2020,Vinho de mesa
São Cristóvão e Névis,-,-,2020,Vinho de mesa
São Tomé e Príncipe,-,-,2020,Vinho de mesa
São Vicente e Granadinas,-,-,2020,Vinho de mesa
Senegal,-,-,2020,Vinho de mesa
Serra Leoa,9.240,13.050,2020,Vinho de mesa
Singapura,-,-,2020,Vinho de mesa
Suazilândia,-,-,2020,Vinho de mesa
Suécia,6,24,2020,Vinho de mesa
Suíça,2.827,27.930,2020,Vinho de mesa
Suriname,4.185,5.277,2020,Vinho de mesa
Tailândia,534,1.753,2020,Vinho de mesa
Taiwan (Formosa),963,4.673,2020,Vinho de mesa
Tanzânia,-,-,2020,Vinho de mesa
"Tcheca, República",563,4.805,2020,Vinho de mesa
Togo,-,-,2020,Vinho de mesa
Toquelau,-,-,2020,Vinho de mesa
Trinidade Tobago,-,-,2020,Vinho de mesa
Tunísia,-,-,2020,Vinho de mesa
Turquia,-,-,2020,Vinho de mesa
Tuvalu,2,4,2020,Vinho de mesa
Uruguai,-,-,2020,Vinho de mesa
Vanuatu,18,31,2020,Vinho de mesa
Venezuela,4.086,9.808,2020,Vinho de mesa
Vietnã,86,584,2020,Vinho de mesa
Afeganistão,11,46,2021,Vinho de mesa
África do Sul,-,-,2021,Vinho de mesa
"Alemanha, República Democrática",2.698,6.741,2021,Vinho de mesa
Angola,-,-,2021,Vinho de mesa
Anguilla,-,-,2021,Vinho de mesa
Antígua e Barbuda,805,2.268,2021,Vinho de mesa
Antilhas Holandesas,-,-,2021,Vinho de mesa
Arábia Saudita,-,-,2021,Vinho de mesa
Argentina,6,13,2021,Vinho de mesa
Aruba,-,-,2021,Vinho de mesa
Austrália,705,4.034,2021,Vinho de mesa
Áustria,-,-,2021,Vinho de mesa
Bahamas,1.083,4.567,2021,Vinho de mesa
Bangladesh,2,20,2021,Vinho de mesa
Barbados,216,844,2021,Vinho de mesa
Barein,302,894,2021,Vinho de mesa
Bélgica,483,3.749,2021,Vinho de mesa
Belice,-,-,2021,Vinho de mesa
Benin,-,-,2021,Vinho de mesa
Bermudas,-,-,2021,Vinho de mesa
Bolívia,5.850,8.360,2021,Vinho de mesa
Bósnia-Herzegovina,-,-,2021,Vinho de mesa
Brasil,31,46,2021,Vinho de mesa
Bulgária,-,-,2021,Vinho de mesa
Cabo Verde,16,124,2021,Vinho de mesa
Camarões,-,-,2021,Vinho de mesa
Canadá,1.172,6.157,2021,Vinho de mesa
Catar,1,2,2021,Vinho de mesa
"Cayman, Ilhas",104,356,2021,Vinho de mesa
Chile,26,6,2021,Vinho de mesa
China,61.884,264.116,2021,Vinho de mesa
Chipre,1.855,4.530,2021,Vinho de mesa
Cingapura,-,-,2021,Vinho de mesa
"Cocos (Keeling), Ilhas",-,-,2021,Vinho de mesa
Colômbia,12.160,21.867,2021,Vinho de mesa
Comores,-,-,2021,Vinho de mesa
Congo,-,-,2021,Vinho de mesa
"Coreia, Republica Sul",67,100,2021,Vinho de mesa
Costa do Marfim,-,-,2021,Vinho de mesa
Costa Rica,-,-,2021,Vinho de mesa
Croácia,-,-,2021,Vinho de mesa
Cuba,-,-,2021,Vinho de mesa
Curaçao,32.263,58.993,2021,Vinho de mesa
Dinamarca,87,504,2021,Vinho de mesa
Dominica,460,634,2021,Vinho de mesa
El Salvador,-,-,2021,Vinho de mesa
Emirados Arabes Unidos,810,10.522,2021,Vinho de mesa
Equador,-,-,2021,Vinho de mesa
"Eslovaca, Republica",-,-,2021,Vinho de mesa
Espanha,-,-,2021,Vinho de mesa
Estados Unidos,111.085,203.554,2021,Vinho de mesa
Estônia,-,-,2021,Vinho de mesa
Filipinas,2.784,10.368,2021,Vinho de mesa
Finlândia,-,-,2021,Vinho de mesa
França,7.052,23.742,2021,Vinho de mesa
Gana,12.578,19.196,2021,Vinho de mesa
Gibraltar,-,-,2021,Vinho de mesa
Granada,-,-,2021,Vinho de mesa
Grécia,908,3.014,2021,Vinho de mesa
Guatemala,17.347,29.100,2021,Vinho de mesa
Guiana,2.372,6.525,2021,Vinho de mesa
Guiana Francesa,90,32,2021,Vinho de mesa
Guine Bissau,-,-,2021,Vinho de mesa
Guine Equatorial,-,-,2021,Vinho de mesa
Haiti,670.379,831.181,2021,Vinho de mesa
Honduras,-,-,2021,Vinho de mesa
Hong Kong,12.507,39.390,2021,Vinho de mesa
Hungria,87,583,2021,Vinho de mesa
Ilha de Man,97,445,2021,Vinho de mesa
Ilhas Virgens,-,-,2021,Vinho de mesa
India,13,86,2021,Vinho de mesa
Indonésia,-,-,2021,Vinho de mesa
Irã,116,287,2021,Vinho de mesa
Iraque,-,-,2021,Vinho de mesa
Irlanda,36,208,2021,Vinho de mesa
Itália,696,3.715,2021,Vinho de mesa
Jamaica,-,-,2021,Vinho de mesa
Japão,39.491,90.275,2021,Vinho de mesa
Jordânia,-,-,2021,Vinho de mesa
Letônia,-,-,2021,Vinho de mesa
Líbano,-,-,2021,Vinho de mesa
Libéria,7.554,23.060,2021,Vinho de mesa
Luxemburgo,-,-,2021,Vinho de mesa
Macau,-,-,2021,Vinho de mesa
Malásia,-,-,2021,Vinho de mesa
Malavi,-,-,2021,Vinho de mesa
Malta,3.441,15.454,2021,Vinho de mesa
"Marshall, Ilhas",8.644,22.561,2021,Vinho de mesa
Martinica,-,-,2021,Vinho de mesa
Mauritânia,9,85,2021,Vinho de mesa
México,9,2,2021,Vinho de mesa
Moçambique,-,-,2021,Vinho de mesa
Montenegro,14,65,2021,Vinho de mesa
Namíbia,-,-,2021,Vinho de mesa
Nicarágua,-,-,2021,Vinho de mesa
Nigéria,68.247,113.172,2021,Vinho de mesa
Noruega,1.878,8.320,2021,Vinho de mesa
Nova Caledônia,7.227,11.924,2021,Vinho de mesa
Nova Zelândia,657,10.477,2021,Vinho de mesa
Omã,-,-,2021,Vinho de mesa
Países Baixos,3.791,8.484,2021,Vinho de mesa
Palau,-,-,2021,Vinho de mesa
Panamá,29.520,48.444,2021,Vinho de mesa
Paraguai,6.522.527,7.192.362,2021,Vinho de mesa
Peru,9.720,17.107,2021,Vinho de mesa
Pitcairn,-,-,2021,Vinho de mesa
Polônia,4,14,2021,Vinho de mesa
Porto Rico,-,-,2021,Vinho de mesa
Portugal,6.358,42.633,2021,Vinho de mesa
Quênia,-,-,2021,Vinho de mesa
Reino Unido,25.316,122.394,2021,Vinho de mesa
República Dominicana,-,-,2021,Vinho de mesa
Rússia,181.931,312.926,2021,Vinho de mesa
São Cristóvão e Névis,-,-,2021,Vinho de mesa
São Tomé e Príncipe,-,-,2021,Vinho de mesa
São Vicente e Granadinas,8,48,2021,Vinho de mesa
Senegal,-,-,2021,Vinho de mesa
Serra Leoa,6.525,12.955,2021,Vinho de mesa
Singapura,4.504,14.346,2021,Vinho de mesa
Suazilândia,10,24,2021,Vinho de mesa
Suécia,23,74,2021,Vinho de mesa
Suíça,627,6.999,2021,Vinho de mesa
Suriname,900,1.472,2021,Vinho de mesa
Tailândia,1.334,2.529,2021,Vinho de mesa
Taiwan (Formosa),1.313,8.153,2021,Vinho de mesa
Tanzânia,-,-,2021,Vinho de mesa
"Tcheca, República",456,5.988,2021,Vinho de mesa
Togo,1.890,2.012,2021,Vinho de mesa
Toquelau,-,-,2021,Vinho de mesa
Trinidade Tobago,-,-,2021,Vinho de mesa
Tunísia,-,-,2021,Vinho de mesa
Turquia,343,878,2021,Vinho de mesa
Tuvalu,-,-,2021,Vinho de mesa
Uruguai,136.774,149.842,2021,Vinho de mesa
Vanuatu,-,-,2021,Vinho de mesa
Venezuela,26.415,35.944,2021,Vinho de mesa
Vietnã,-,-,2021,Vinho de mesa
Afeganistão,-,-,2022,Vinho de mesa
África do Sul,-,-,2022,Vinho de mesa
"Alemanha, República Democrática",7.630,45.367,2022,Vinho de mesa
Angola,4.068,4.761,2022,Vinho de mesa
Anguilla,-,-,2022,Vinho de mesa
Antígua e Barbuda,419,1.866,2022,Vinho de mesa
Antilhas Holandesas,-,-,2022,Vinho de mesa
Arábia Saudita,-,-,2022,Vinho de mesa
Argentina,480,3.232,2022,Vinho de mesa
Aruba,-,-,2022,Vinho de mesa
Austrália,1.424,12.299,2022,Vinho de mesa
Áustria,6,212,2022,Vinho de mesa
Bahamas,1.215,5.799,2022,Vinho de mesa
Bangladesh,7,84,2022,Vinho de mesa
Barbados,220,1.145,2022,Vinho de mesa
Barein,979,2.789,2022,Vinho de mesa
Bélgica,828,6.145,2022,Vinho de mesa
Belice,-,-,2022,Vinho de mesa
Benin,-,-,2022,Vinho de mesa
Bermudas,-,-,2022,Vinho de mesa
Bolívia,32.530,49.011,2022,Vinho de mesa
Bósnia-Herzegovina,-,-,2022,Vinho de mesa
Brasil,2.504,952,2022,Vinho de mesa
Bulgária,5,31,2022,Vinho de mesa
Cabo Verde,-,-,2022,Vinho de mesa
Camarões,-,-,2022,Vinho de mesa
Canadá,1.183,5.784,2022,Vinho de mesa
Catar,-,-,2022,Vinho de mesa
"Cayman, Ilhas",160,958,2022,Vinho de mesa
Chile,2.094,7.986,2022,Vinho de mesa
China,105.395,404.647,2022,Vinho de mesa
Chipre,1.521,4.458,2022,Vinho de mesa
Cingapura,-,-,2022,Vinho de mesa
"Cocos (Keeling), Ilhas",26,60,2022,Vinho de mesa
Colômbia,8.217,14.068,2022,Vinho de mesa
Comores,-,-,2022,Vinho de mesa
Congo,-,-,2022,Vinho de mesa
"Coreia, Republica Sul",77,257,2022,Vinho de mesa
Costa do Marfim,-,-,2022,Vinho de mesa
Costa Rica,-,-,2022,Vinho de mesa
Croácia,34,484,2022,Vinho de mesa
Cuba,16,6,2022,Vinho de mesa
Curaçao,40.673,66.950,2022,Vinho de mesa
Dinamarca,2,6,2022,Vinho de mesa
Dominica,1.485,2.223,2022,Vinho de mesa
El Salvador,-,-,2022,Vinho de mesa
Emirados Arabes Unidos,4.781,85.465,2022,Vinho de mesa
Equador,135,210,2022,Vinho de mesa
"Eslovaca, Republica",-,-,2022,Vinho de mesa
Espanha,-,-,2022,Vinho de mesa
Estados Unidos,220.373,447.893,2022,Vinho de mesa
Estônia,-,-,2022,Vinho de mesa
Filipinas,375,790,2022,Vinho de mesa
Finlândia,-,-,2022,Vinho de mesa
França,5.694,25.008,2022,Vinho de mesa
Gana,35.949,49.304,2022,Vinho de mesa
Gibraltar,-,-,2022,Vinho de mesa
Granada,5.610,7.914,2022,Vinho de mesa
Grécia,920,2.426,2022,Vinho de mesa
Guatemala,1.283,5.350,2022,Vinho de mesa
Guiana,2.064,5.823,2022,Vinho de mesa
Guiana Francesa,22,18,2022,Vinho de mesa
Guine Bissau,-,-,2022,Vinho de mesa
Guine Equatorial,-,-,2022,Vinho de mesa
Haiti,553.503,741.014,2022,Vinho de mesa
Honduras,-,-,2022,Vinho de mesa
Hong Kong,9.371,38.218,2022,Vinho de mesa
Hungria,-,-,2022,Vinho de mesa
Ilha de Man,165,641,2022,Vinho de mesa
Ilhas Virgens,-,-,2022,Vinho de mesa
India,247,1.021,2022,Vinho de mesa
Indonésia,-,-,2022,Vinho de mesa
Irã,47,90,2022,Vinho de mesa
Iraque,-,-,2022,Vinho de mesa
Irlanda,-,-,2022,Vinho de mesa
Itália,1.129,6.151,2022,Vinho de mesa
Jamaica,-,-,2022,Vinho de mesa
Japão,37.324,82.208,2022,Vinho de mesa
Jordânia,-,-,2022,Vinho de mesa
Letônia,-,-,2022,Vinho de mesa
Líbano,-,-,2022,Vinho de mesa
Libéria,9.145,34.815,2022,Vinho de mesa
Luxemburgo,36,802,2022,Vinho de mesa
Macau,-,-,2022,Vinho de mesa
Malásia,-,-,2022,Vinho de mesa
Malavi,-,-,2022,Vinho de mesa
Malta,3.127,15.587,2022,Vinho de mesa
"Marshall, Ilhas",7.240,27.178,2022,Vinho de mesa
Martinica,-,-,2022,Vinho de mesa
Mauritânia,-,-,2022,Vinho de mesa
México,6,33,2022,Vinho de mesa
Moçambique,383,1.927,2022,Vinho de mesa
Montenegro,-,-,2022,Vinho de mesa
Namíbia,-,-,2022,Vinho de mesa
Nicarágua,-,-,2022,Vinho de mesa
Nigéria,32.234,50.283,2022,Vinho de mesa
Noruega,2.711,40.316,2022,Vinho de mesa
Nova Caledônia,-,-,2022,Vinho de mesa
Nova Zelândia,63,156,2022,Vinho de mesa
Omã,194,670,2022,Vinho de mesa
Países Baixos,7.034,37.240,2022,Vinho de mesa
Palau,-,-,2022,Vinho de mesa
Panamá,11.490,49.392,2022,Vinho de mesa
Paraguai,5.076.670,7.156.293,2022,Vinho de mesa
Peru,-,-,2022,Vinho de mesa
Pitcairn,-,-,2022,Vinho de mesa
Polônia,-,-,2022,Vinho de mesa
Porto Rico,-,-,2022,Vinho de mesa
Portugal,1.918,7.613,2022,Vinho de mesa
Quênia,1.440,2.080,2022,Vinho de mesa
Reino Unido,18.835,138.154,2022,Vinho de mesa
República Dominicana,-,-,2022,Vinho de mesa
Rússia,66.046,118.618,2022,Vinho de mesa
São Cristóvão e Névis,-,-,2022,Vinho de mesa
São Tomé e Príncipe,-,-,2022,Vinho de mesa
São Vicente e Granadinas,20,51,2022,Vinho de mesa
Senegal,-,-,2022,Vinho de mesa
Serra Leoa,8.101,15.182,2022,Vinho de mesa
Singapura,4.322,15.434,2022,Vinho de mesa
Suazilândia,-,-,2022,Vinho de mesa
Suécia,5,18,2022,Vinho de mesa
Suíça,1.584,20.863,2022,Vinho de mesa
Suriname,1.225,3.360,2022,Vinho de mesa
Tailândia,432,1.713,2022,Vinho de mesa
Taiwan (Formosa),25,277,2022,Vinho de mesa
Tanzânia,-,-,2022,Vinho de mesa
"Tcheca, República",1.305,9.997,2022,Vinho de mesa
Togo,17.317,25.608,2022,Vinho de mesa
Toquelau,-,-,2022,Vinho de mesa
Trinidade Tobago,-,-,2022,Vinho de mesa
Tunísia,-,-,2022,Vinho de mesa
Turquia,418,503,2022,Vinho de mesa
Tuvalu,-,-,2022,Vinho de mesa
Uruguai,637.117,997.367,2022,Vinho de mesa
Vanuatu,-,-,2022,Vinho de mesa
Venezuela,23.220,32.351,2022,Vinho de mesa
Vietnã,130,277,2022,Vinho de mesa
Afeganistão,-,-,2023,Vinho de mesa
África do Sul,117,698,2023,Vinho de mesa
"Alemanha, República Democrática",4.806,31.853,2023,Vinho de mesa
Angola,-,-,2023,Vinho de mesa
Anguilla,-,-,2023,Vinho de mesa
Antígua e Barbuda,383,1.848,2023,Vinho de mesa
Antilhas Holandesas,-,-,2023,Vinho de mesa
Arábia Saudita,124,142,2023,Vinho de mesa
Argentina,4.545,36.133,2023,Vinho de mesa
Aruba,-,-,2023,Vinho de mesa
Austrália,2.485,13.565,2023,Vinho de mesa
Áustria,-,-,2023,Vinho de mesa
Bahamas,1.348,7.402,2023,Vinho de mesa
Bangladesh,-,-,2023,Vinho de mesa
Barbados,58,303,2023,Vinho de mesa
Barein,283,1.684,2023,Vinho de mesa
Bélgica,95,683,2023,Vinho de mesa
Belice,-,-,2023,Vinho de mesa
Benin,-,-,2023,Vinho de mesa
Bermudas,16,153,2023,Vinho de mesa
Bolívia,21.926,36.950,2023,Vinho de mesa
Bósnia-Herzegovina,-,-,2023,Vinho de mesa
Brasil,-,-,2023,Vinho de mesa
Bulgária,-,-,2023,Vinho de mesa
Cabo Verde,-,-,2023,Vinho de mesa
Camarões,-,-,2023,Vinho de mesa
Canadá,11.539,42.179,2023,Vinho de mesa
Catar,5,18,2023,Vinho de mesa
"Cayman, Ilhas",438,2.632,2023,Vinho de mesa
Chile,9,63,2023,Vinho de mesa
China,73.917,183.096,2023,Vinho de mesa
Chipre,524,2.995,2023,Vinho de mesa
Cingapura,-,-,2023,Vinho de mesa
"Cocos (Keeling), Ilhas",-,-,2023,Vinho de mesa
Colômbia,450,1.259,2023,Vinho de mesa
Comores,-,-,2023,Vinho de mesa
Congo,17.100,26.600,2023,Vinho de mesa
"Coreia, Republica Sul",25,171,2023,Vinho de mesa
Costa do Marfim,-,-,2023,Vinho de mesa
Costa Rica,-,-,2023,Vinho de mesa
Croácia,-,-,2023,Vinho de mesa
Cuba,-,-,2023,Vinho de mesa
Curaçao,25.135,40.807,2023,Vinho de mesa
Dinamarca,1.734,15.261,2023,Vinho de mesa
Dominica,-,-,2023,Vinho de mesa
El Salvador,-,-,2023,Vinho de mesa
Emirados Arabes Unidos,1.417,6.762,2023,Vinho de mesa
Equador,2.790,4.392,2023,Vinho de mesa
"Eslovaca, Republica",-,-,2023,Vinho de mesa
Espanha,180,4.171,2023,Vinho de mesa
Estados Unidos,229.839,429.091,2023,Vinho de mesa
Estônia,-,-,2023,Vinho de mesa
Filipinas,94,334,2023,Vinho de mesa
Finlândia,5,11,2023,Vinho de mesa
França,2.265,14.722,2023,Vinho de mesa
Gana,7.237,29.473,2023,Vinho de mesa
Gibraltar,-,-,2023,Vinho de mesa
Granada,-,-,2023,Vinho de mesa
Grécia,1.294,3.214,2023,Vinho de mesa
Guatemala,2.053,3.758,2023,Vinho de mesa
Guiana,33.651,88.715,2023,Vinho de mesa
Guiana Francesa,-,-,2023,Vinho de mesa
Guine Bissau,-,-,2023,Vinho de mesa
Guine Equatorial,-,-,2023,Vinho de mesa
Haiti,559.645,871.661,2023,Vinho de mesa
Honduras,-,-,2023,Vinho de mesa
Hong Kong,16.255,71.025,2023,Vinho de mesa
Hungria,-,-,2023,Vinho de mesa
Ilha de Man,1.428,4.533,2023,Vinho de mesa
Ilhas Virgens,-,-,2023,Vinho de mesa
India,60,170,2023,Vinho de mesa
Indonésia,9,30,2023,Vinho de mesa
Irã,-,-,2023,Vinho de mesa
Iraque,-,-,2023,Vinho de mesa
Irlanda,150,377,2023,Vinho de mesa
Itália,2.922,27.665,2023,Vinho de mesa
Jamaica,-,-,2023,Vinho de mesa
Japão,22.942,57.780,2023,Vinho de mesa
Jordânia,-,-,2023,Vinho de mesa
Letônia,8,8,2023,Vinho de mesa
Líbano,-,-,2023,Vinho de mesa
Libéria,39.784,42.463,2023,Vinho de mesa
Luxemburgo,581,7.048,2023,Vinho de mesa
Macau,7,6,2023,Vinho de mesa
Malásia,-,-,2023,Vinho de mesa
Malavi,3.660,6.252,2023,Vinho de mesa
Malta,6.561,24.199,2023,Vinho de mesa
"Marshall, Ilhas",7.417,31.691,2023,Vinho de mesa
Martinica,9,31,2023,Vinho de mesa
Mauritânia,-,-,2023,Vinho de mesa
México,3,19,2023,Vinho de mesa
Moçambique,-,-,2023,Vinho de mesa
Montenegro,-,-,2023,Vinho de mesa
Namíbia,-,-,2023,Vinho de mesa
Nicarágua,-,-,2023,Vinho de mesa
Nigéria,10.800,16.464,2023,Vinho de mesa
Noruega,861,4.243,2023,Vinho de mesa
Nova Caledônia,-,-,2023,Vinho de mesa
Nova Zelândia,338,7.177,2023,Vinho de mesa
Omã,-,-,2023,Vinho de mesa
Países Baixos,2.244,4.958,2023,Vinho de mesa
Palau,45,143,2023,Vinho de mesa
Panamá,14.785,68.173,2023,Vinho de mesa
Paraguai,3.780.378,5.517.263,2023,Vinho de mesa
Peru,47.277,84.282,2023,Vinho de mesa
Pitcairn,11,22,2023,Vinho de mesa
Polônia,298,590,2023,Vinho de mesa
Porto Rico,-,-,2023,Vinho de mesa
Portugal,13.742,46.311,2023,Vinho de mesa
Quênia,-,-,2023,Vinho de mesa
Reino Unido,11.326,84.547,2023,Vinho de mesa
República Dominicana,-,-,2023,Vinho de mesa
Rússia,-,-,2023,Vinho de mesa
São Cristóvão e Névis,16,31,2023,Vinho de mesa
São Tomé e Príncipe,-,-,2023,Vinho de mesa
São Vicente e Granadinas,39,139,2023,Vinho de mesa
Senegal,-,-,2023,Vinho de mesa
Serra Leoa,23.200,38.548,2023,Vinho de mesa
Singapura,3.941,19.781,2023,Vinho de mesa
Suazilândia,-,-,2023,Vinho de mesa
Suécia,-,-,2023,Vinho de mesa
Suíça,2.500,28.763,2023,Vinho de mesa
Suriname,3.105,5.235,2023,Vinho de mesa
Tailândia,189,1.387,2023,Vinho de mesa
Taiwan (Formosa),4.208,19.998,2023,Vinho de mesa
Tanzânia,-,-,2023,Vinho de mesa
"Tcheca, República",405,3.348,2023,Vinho de mesa
Togo,14.550,25.235,2023,Vinho de mesa
Toquelau,3,10,2023,Vinho de mesa
Trinidade Tobago,-,-,2023,Vinho de mesa
Tunísia,-,-,2023,Vinho de mesa
Turquia,28.104,95.421,2023,Vinho de mesa
Tuvalu,-,-,2023,Vinho de mesa
Uruguai,326.093,454.271,2023,Vinho de mesa
Vanuatu,-,-,2023,Vinho de mesa
Venezuela,141.030,220.512,2023,Vinho de mesa
Vietnã,72,128,2023,Vinho de mesa
Afeganistão,-,-,2024,Vinho de mesa
África do Sul,103,1783,2024,Vinho de mesa
"Alemanha, República Democrática",6666,48095,2024,Vinho de mesa
Angola,-,-,2024,Vinho de mesa
Anguilla,-,-,2024,Vinho de mesa
Antígua e Barbuda,447,3329,2024,Vinho de mesa
Antilhas Holandesas,-,-,2024,Vinho de mesa
Arábia Saudita,32,54,2024,Vinho de mesa
Argélia,6,87,2024,Vinho de mesa
Argentina,21015,167696,2024,Vinho de mesa
Aruba,-,-,2024,Vinho de mesa
Austrália,2070,19152,2024,Vinho de mesa
Áustria,-,-,2024,Vinho de mesa
Bahamas,1632,7457,2024,Vinho de mesa
Bangladesh,-,-,2024,Vinho de mesa
Barbados,773,580,2024,Vinho de mesa
Barein,178,1044,2024,Vinho de mesa
Bélgica,960,8334,2024,Vinho de mesa
Belice,-,-,2024,Vinho de mesa
Benin,-,-,2024,Vinho de mesa
Bermudas,102,823,2024,Vinho de mesa
Bolívia,20334,30293,2024,Vinho de mesa
Bósnia-Herzegovina,-,-,2024,Vinho de mesa
Brasil,96,244,2024,Vinho de mesa
Bulgária,18,184,2024,Vinho de mesa
Cabo Verde,-,-,2024,Vinho de mesa
Camarões,-,-,2024,Vinho de mesa
Canadá,4320,35179,2024,Vinho de mesa
Catar,-,-,2024,Vinho de mesa
"Cayman, Ilhas",180,591,2024,Vinho de mesa
Chile,-,-,2024,Vinho de mesa
China,34231,182595,2024,Vinho de mesa
Chipre,988,4308,2024,Vinho de mesa
Cingapura,-,-,2024,Vinho de mesa
"Cocos (Keeling), Ilhas",-,-,2024,Vinho de mesa
Colômbia,-,-,2024,Vinho de mesa
Comores,-,-,2024,Vinho de mesa
Congo,2340,3753,2024,Vinho de mesa
"Coreia, Republica Sul",173,1050,2024,Vinho de mesa
Costa do Marfim,-,-,2024,Vinho de mesa
Costa Rica,-,-,2024,Vinho de mesa
Coveite (Kuweit),16,72,2024,Vinho de mesa
Croácia,23,44,2024,Vinho de mesa
Cuba,-,-,2024,Vinho de mesa
Curaçao,25146,50990,2024,Vinho de mesa
Dinamarca,11,185,2024,Vinho de mesa
Dominica,947,4545,2024,Vinho de mesa
El Salvador,-,-,2024,Vinho de mesa
Emirados Arabes Unidos,1688,8253,2024,Vinho de mesa
Equador,-,-,2024,Vinho de mesa
"Eslovaca, Republica",-,-,2024,Vinho de mesa
Espanha,191,2062,2024,Vinho de mesa
Estados Unidos,310410,648724,2024,Vinho de mesa
Estônia,-,-,2024,Vinho de mesa
Filipinas,11514,27378,2024,Vinho de mesa
Finlândia,-,-,2024,Vinho de mesa
França,3729,29768,2024,Vinho de mesa
Gabão,5,18,2024,Vinho de mesa
Gana,54828,91317,2024,Vinho de mesa
Gibraltar,5,13,2024,Vinho de mesa
Granada,-,-,2024,Vinho de mesa
Grécia,617,2051,2024,Vinho de mesa
Guatemala,7957,14268,2024,Vinho de mesa
Guiana,115884,349244,2024,Vinho de mesa
Guiana Francesa,-,-,2024,Vinho de mesa
Guine Bissau,-,-,2024,Vinho de mesa
Guine Equatorial,2250,4279,2024,Vinho de mesa
Haiti,450690,713158,2024,Vinho de mesa
Honduras,-,-,2024,Vinho de mesa
Hong Kong,6696,30490,2024,Vinho de mesa
Hungria,14,27,2024,Vinho de mesa
Ilha de Man,124,587,2024,Vinho de mesa
Ilhas Virgens,-,-,2024,Vinho de mesa
Índia,-,-,2024,Vinho de mesa
Indonésia,-,-,2024,Vinho de mesa
Irã,-,-,2024,Vinho de mesa
Iraque,-,-,2024,Vinho de mesa
Irlanda,32,132,2024,Vinho de mesa
Itália,2431,11642,2024,Vinho de mesa
Jamaica,-,-,2024,Vinho de mesa
Japão,29320,66956,2024,Vinho de mesa
Jordânia,-,-,2024,Vinho de mesa
Letônia,33273,144229,2024,Vinho de mesa
Líbano,-,-,2024,Vinho de mesa
Libéria,12024,38576,2024,Vinho de mesa
Luxemburgo,72,832,2024,Vinho de mesa
Macau,-,-,2024,Vinho de mesa
Malásia,-,-,2024,Vinho de mesa
Malavi,-,-,2024,Vinho de mesa
Malta,6302,16586,2024,Vinho de mesa
"Marshall, Ilhas",5628,23195,2024,Vinho de mesa
Martinica,-,-,2024,Vinho de mesa
Mauritânia,-,-,2024,Vinho de mesa
México,2277,7938,2024,Vinho de mesa
Moçambique,-,-,2024,Vinho de mesa
Montenegro,-,-,2024,Vinho de mesa
Namíbia,-,-,2024,Vinho de mesa
Nicarágua,-,-,2024,Vinho de mesa
Nigéria,808,2052,2024,Vinho de mesa
Noruega,309,2185,2024,Vinho de mesa
Nova Caledônia,-,-,2024,Vinho de mesa
Nova Zelândia,-,-,2024,Vinho de mesa
Omã,-,-,2024,Vinho de mesa
Países Baixos,3074,22785,2024,Vinho de mesa
Palau,30,320,2024,Vinho de mesa
Panamá,121432,97549,2024,Vinho de mesa
Paraguai,3705268,5121857,2024,Vinho de mesa
Peru,-,-,2024,Vinho de mesa
Pitcairn,-,-,2024,Vinho de mesa
Polônia,-,-,2024,Vinho de mesa
Porto Rico,-,-,2024,Vinho de mesa
Portugal,26340,50923,2024,Vinho de mesa
Quênia,-,-,2024,Vinho de mesa
Reino Unido,14780,106713,2024,Vinho de mesa
República Dominicana,-,-,2024,Vinho de mesa
Rússia,56,338,2024,Vinho de mesa
São Cristóvão e Névis,-,-,2024,Vinho de mesa
São Tomé e Príncipe,-,-,2024,Vinho de mesa
São Vicente e Granadinas,-,-,2024,Vinho de mesa
Senegal,-,-,2024,Vinho de mesa
Serra Leoa,36608,68151,2024,Vinho de mesa
Sérvia,10482,25379,2024,Vinho de mesa
Singapura,4141,20048,2024,Vinho de mesa
Suazilândia,-,-,2024,Vinho de mesa
Suécia,-,-,2024,Vinho de mesa
Suíça,2350,23791,2024,Vinho de mesa
Suriname,27900,71483,2024,Vinho de mesa
Tailândia,266,1910,2024,Vinho de mesa
Taiwan (Formosa),-,-,2024,Vinho de mesa
Tanzânia,3,35,2024,Vinho de mesa
"Tcheca, República",2273,20973,2024,Vinho de mesa
Togo,27630,48070,2024,Vinho de mesa
Toquelau,-,-,2024,Vinho de mesa
Trinidade Tobago,64,199,2024,Vinho de mesa
Tunísia,-,-,2024,Vinho de mesa
Turquia,216,540,2024,Vinho de mesa
Tuvalu,-,-,2024,Vinho de mesa
Uruguai,36729,62325,2024,Vinho de mesa
Vanuatu,-,-,2024,Vinho de mesa
Venezuela,122922,199418,2024,Vinho de mesa
Vietnã,16,41,2024,Vinho de mesa